1.528854367625372745e+00 -5.757928614298126746e-01 -4.971219226794714174e-01 -1.009891615969618073e+00 8.145325885806098398e-01 -2.166237283997331176e+00 1.642238864993631253e+00 -7.164575471895324732e-01 3.002836258514491874e-01 -2.347105463003771320e-01
1.410292169454283595e+00 -1.987131207542802258e+00 -3.109910332721712578e-01 -3.704438197129373833e-01 1.093589690596818542e+00 -1.060912127092485946e+00 -1.663175096275737452e-01 -8.467479187707382948e-01 4.071773015395407924e-02 5.621607757332753863e-01
-1.072124426887455684e+00 1.115087104393197137e+00 8.782487663361706609e-01 4.894848883772233705e-01 8.775330180477567410e-01 -6.660263189370283499e-01 -1.197086288637461138e-01 -9.115426017995602592e-01 -2.609525254358686652e-01 5.166246986939313501e-01
-6.566133573835770676e-01 -3.766494841156458051e-01 -6.523527214714590627e-01 -8.023779180061296756e-01 -6.372331731966198731e-01 -1.202286640571070819e-02 -1.060694708260172092e+00 2.225375344563857993e-01 1.575697735331573313e+00 7.044437701403012397e-01
-1.853336486404710826e-01 -8.575444565171892464e-01 -7.218347742601309847e-01 1.635092048264795039e+00 4.908572186860227227e-02 -6.154058820071561797e-01 1.844447648356553060e-01 2.029070954498060075e+00 1.160863916917094230e-01 5.962841758163222039e-01
2.972558492891437254e-01 -3.488297153918296090e-01 -1.131425043399190145e+00 -3.459508177174797083e-01 -2.068659978189586468e-01 5.809274379037958624e-01 8.308373968052364944e-01 9.220616481696879418e-01 2.828144465723312351e-01 8.765469836065449272e-01
-7.216762751785950059e-01 1.198525571614254659e+00 4.906817239225347294e-01 -2.851631946446389065e-01 4.673288952289738063e-01 -7.229382450774224367e-02 1.082545480007468086e+00 1.453895456556494992e+00 2.090777072121341007e+00 -1.335923945243507660e+00
-1.398188744472236067e+00 -4.884230653594840987e-01 1.549476421947293403e-01 8.483053891401084456e-01 3.055972659036036987e-01 -1.957892077831090205e+00 -2.964662496617247456e-01 8.016437635654014571e-01 2.227773655550322474e-01 7.377780417907047195e-01
-2.225138524727299227e-01 -2.009257613860029323e-01 1.867172250132966838e-01 4.103941617969439903e-01 1.984653591318590315e-01 1.191080532795893987e-01 -6.712224879635186880e-01 3.778791639278438197e-01 1.219230278382781307e-01 1.130427361555121024e+00
1.194738614356538164e+00 1.845109872549812735e-01 -3.739767575225414475e-01 -6.365038796657245257e-01 4.220181100284889908e-01 7.707047133287403540e-02 -3.426550481733841025e-01 4.344488408888480535e-02 -6.178396048785543826e-01 6.955987888163690513e-01
-4.413972741465883587e-01 1.208811974074745166e+00 3.983196889042659450e-01 5.859700380967751698e-01 -1.080877273781521097e+00 1.672112902811653257e-01 7.310640039729268125e-01 -9.414760745375474471e-01 -2.628061191567212518e-01 3.219649367522237071e-02
-1.335261618388614124e+00 3.064707098630847781e-01 8.228327026544377532e-01 -8.358198016033355771e-01 3.408817177474858795e-01 -1.276104849608628911e+00 -3.762870627716985439e-02 -1.571226855467614314e+00 1.090501155219158136e+00 3.976274903747594180e-01
-2.297231338092964315e-02 -7.233736988764718490e-01 1.188657327698450672e+00 1.835681273718591910e+00 -1.733851600140127402e+00 1.153576912205949156e+00 1.518908723937329341e+00 3.154294087296065641e-01 -1.119145906066592033e+00 8.056659157491594669e-01
-1.789107019033906454e-01 -5.972124861731487044e-01 -1.216395074948621868e+00 5.444223157306851135e-01 7.840006412242246370e-01 -6.166047658112177032e-01 5.147939550050892876e-01 -1.131630440888869771e+00 7.929542366287023469e-01 4.605004496528408708e-02
-1.855677933472534846e-01 -1.011994432610379135e-01 8.642197777728597430e-01 7.463815315871613620e-01 5.266218149218957478e-01 1.369616815100869189e-01 7.740318720692584975e-02 6.150592322091199549e-01 2.312459401614432863e-01 6.788857440061519810e-01
-2.836850043891310236e-01 -2.227312484188018971e+00 9.502838501037551566e-01 2.000579727344209857e+00 4.037462165769731826e-01 -9.161883586796504275e-02 -1.248153310123907289e-01 -1.089070009768944303e-01 1.592557542163675066e-02 -1.026387202883313421e+00
-4.921019989528190308e-01 -9.488380458278697915e-01 2.367740802259419297e-01 -2.823037490215938305e-01 4.712765312482076752e-01 -1.662593222971935347e-01 9.386631594294954084e-01 2.032132777487447584e-01 2.084817772290818993e+00 -1.804705091375353732e+00
-6.201449918516424020e-01 8.641801815541256815e-01 2.423694663276563688e+00 -2.383453928725787208e-01 4.186181607515648828e-02 -2.169485602085181597e-01 1.276356716843665140e+00 -2.754180497894314072e-01 6.519261490547592075e-01 -3.065670797419954852e-01
-1.259409286899220604e+00 3.103078026038321724e-01 4.979853578167254824e-01 1.279862858833048733e+00 -1.093057669858210623e-01 -6.109828039107654263e-01 5.569460336952154478e-01 2.382495333955896299e-01 2.777649386971461354e-01 -7.235722335721561649e-02
1.106567835572803915e+00 3.523702184725294728e-01 1.816395764915796462e+00 1.059569713459467266e+00 6.285090621364730623e-01 -1.552021943150151628e+00 5.744074700371726294e-01 4.008060926718357564e-01 7.733717214469493229e-01 9.960420674044030420e-01
-3.837429974556698653e-01 7.887842054015692383e-01 -5.382701678918664356e-01 1.871318489181192035e+00 -1.275018535500777261e+00 -1.685429438783330625e+00 -1.580162601720388693e+00 -8.524895499077160821e-01 -1.071279771176818940e+00 1.872467989328811200e+00
-3.180475035886445312e-01 -1.307918344320285087e+00 1.085535279217992866e+00 -5.713407697057704127e-01 -1.204835324476277947e+00 8.531663482378348817e-01 6.072253870488140137e-01 -4.236970898910499272e-01 1.371103434844826552e+00 1.257595658760948254e-01
1.532736195757578912e+00 4.765573073491786715e-01 1.477620376078128572e+00 1.037048234880941777e-01 -1.156218096237310533e+00 2.321801488329100494e+00 -5.173493487952924852e-01 -1.884820589190132623e-01 -6.639205950945665791e-01 -1.928013304656843729e-01
2.212335625398580419e-01 1.840017816263568307e-01 6.026299500005976029e-01 1.633850325251387403e+00 -1.098234959479391648e-01 -1.124194674696951779e+00 -1.077879645852362955e+00 -6.069459887297625755e-01 -1.526307973909922566e+00 7.521519251310735399e-01
-4.833555471434181072e-01 -3.017106022762590101e-01 -1.835073929892683253e-03 -1.354969592922998345e+00 -8.356296802355132058e-01 6.545898837019876737e-01 6.000926948413791706e-01 -4.299553980280848009e-01 1.756540082328683638e+00 -1.266786770092949155e+00
-3.261375071252707869e-01 -2.182269257495343950e-01 -2.640474056772831091e+00 1.831664473578410224e+00 3.463160557051674360e-01 -9.875142226662276812e-01 1.939099691181457530e+00 5.536621038386329019e-01 4.060573270558052172e-01 -5.738327056947696292e-01
1.054871762090350273e-01 -1.515115621389213629e+00 7.895208729071043763e-01 -3.718454908807871107e-01 1.331199691429532095e-01 1.193731137579504775e+00 2.827763498820701216e-01 2.606499687301351287e-01 2.745846633707742512e-01 -7.281940063010097219e-01
8.088651446943799783e-01 1.493256391355345158e+00 7.341722310631411119e-01 8.561816454047033176e-01 -8.488019580125154562e-01 -8.396158793392061170e-01 -1.394100256597937459e+00 1.192249918293413202e+00 -2.459283190806900166e-01 1.354400216635781362e+00
-7.833865151212648925e-01 -4.383342070259459433e-01 9.560507684477670409e-02 9.231880967156484985e-01 6.086478209297752073e-02 2.115229759906469553e-01 1.655874140470459110e-02 1.775219296262662283e-01 -1.118575890257034189e+00 8.107974470101453335e-02
-1.856570327779962781e-01 -5.654368861286229730e-02 4.899037259569922753e-01 -6.773146406406453934e-01 -8.409043976058683256e-02 -2.958924999015550839e-01 4.152399504418440301e-01 7.808927883124283653e-01 -9.507041276293648480e-01 5.830152155403993675e-01
2.016574128064689830e+00 -1.436112377305065024e+00 -8.103963032212035955e-01 -8.596012893987392545e-01 -2.724493120989350814e-01 1.584191066168983753e+00 1.303460115980648037e-02 -6.781452428239731489e-01 6.069914725276248646e-01 -5.855165386248017967e-01
1.084401383273572606e+00 2.946665630993443585e-01 1.340553671496948596e+00 -6.383788927644360456e-01 2.925609812793226183e+00 7.959507100173013328e-01 6.318496869455145770e-01 -4.941091548602871697e-02 -7.004005709915759326e-01 -8.376351852249399599e-01
-1.325542096861695995e-01 -7.771991797048656281e-01 2.755595855688923734e-01 -8.053011139799934881e-01 6.054474588187872541e-01 9.320521329773896468e-01 -6.880715578716660730e-01 1.162661184939537407e+00 -2.319519448063829259e-01 1.126204471451387690e+00
4.053494940983739525e-01 1.038270556892939567e+00 -9.223471229947790562e-01 -9.879555740412548914e-02 1.342723192321358283e+00 -5.717484355614885772e-01 -1.884623252067967769e+00 -1.797097259761187615e+00 -2.318718580198037671e+00 -1.955821759577702323e+00
-4.109826321728178300e-01 1.276488934438020806e+00 -4.415239597666413829e-01 3.230113537399006418e-01 -1.098160626761739422e-01 8.535310562631792664e-03 -1.679305762556282389e-01 -1.739025408085979052e-01 4.604285806937014058e-01 -1.174107074683206520e+00
1.008285520821630143e+00 9.183405632443282229e-01 -1.947017137495379302e-01 8.039250368076409359e-01 -7.000657402227261628e-01 -5.362435627550894424e-01 1.559789511558733466e-01 -1.898742154963457551e-01 -4.479198967519550934e-01 -6.712220364365748537e-01
-5.062190106194677242e-01 8.527884729509720430e-01 -1.764585767753526824e+00 3.200736103864523230e-01 -2.146906062714553087e-01 6.608726782098397479e-01 4.676995940903845295e-01 -2.526610190456654692e+00 5.308735978091760899e-01 2.944490418636149798e-01
2.091228485241813928e-02 -4.482968352962046765e-01 8.161822959967395263e-01 -3.950716383481847060e-01 1.754947849030031648e+00 5.398446409014923120e-01 2.044879666563588216e+00 -7.513805821040193678e-01 -1.679581577333919995e+00 6.837120047302391868e-01
8.424416877816156557e-01 3.493453494694165329e-02 -1.520273723653701836e+00 -4.425047238475485756e-01 6.105480196438861640e-01 -1.819597461738382549e-01 -1.145892928066984950e-01 -1.733473033996659751e-01 -9.226749045138831207e-01 -5.266053761064313221e-01
-1.343079053697238123e+00 1.664505942224906221e+00 -4.475559393720800472e-01 4.496623277173767974e-01 -9.620892309079351890e-01 7.480355973451509044e-01 -1.763551024373981591e+00 8.667443716326204139e-01 -3.329833414776217637e-02 1.987100814429481943e+00
-1.247069538025655788e+00 7.290416077411698836e-02 3.505179221828136349e-01 1.176786015936286844e+00 -4.036113917355770297e-01 8.252913547164020258e-02 -2.044956231530335344e+00 -7.923852298950109230e-01 4.310614675134729623e-01 1.053919829274889253e+00
-2.654523162419728521e-01 1.937501120276579059e+00 1.658509343269827241e+00 -5.714686465289009476e-02 -2.274005985593220203e+00 -1.674825585987179011e+00 -7.328997008979740713e-01 1.051347090542364526e+00 2.923389941169602935e-01 -1.973203293139363268e+00
-2.191430069266351310e-01 1.545496827797123274e+00 -3.590388764801470955e-01 -7.184228423631147109e-01 1.968198249202362859e+00 5.116291427454067176e-02 -4.590018007587470805e-01 3.354377027405970324e-01 1.644270811201842264e-02 -4.110908071348546855e-01
1.124337958859882747e+00 1.038039901006300170e+00 7.823307682933346996e-01 -9.572543207424821787e-02 1.067066800618732714e+00 -4.624287620571720936e-02 4.341611080079985641e-01 9.617338713285050744e-01 7.525422272701689508e-01 1.665173229531035304e+00
4.345830696373127466e-01 -1.621736937527430200e+00 -1.117234973189624725e+00 1.300142581534771580e+00 -3.190231690033797918e-01 3.722342521984884911e-01 -8.199453110334786743e-01 9.638411865527416467e-01 -3.705905240555011915e-01 1.404147126168140858e+00
-5.244705867776531250e-01 1.101823738474536185e+00 6.645590227540054684e-01 -7.118547323616439826e-01 1.082965817410695308e+00 -8.884827946025666279e-01 -8.104702672472683389e-01 7.111840468163421747e-01 -6.162204473099563984e-01 -5.851809724626946263e-01
-3.385186215372044671e-01 -9.845164210645123148e-01 1.028640120749656717e+00 5.989913698272175679e-01 -6.824369420182918589e-02 -1.066957182079981692e-01 4.431105245388522462e-01 1.737707392614879609e+00 8.573390197334447294e-01 -5.004997186123318897e-01
7.534378188181491964e-01 -1.151073863980975887e-01 -1.928596007676972590e-01 1.808895525441243990e+00 -4.060147391492385793e-01 -4.644032908219486444e-01 -1.891887851180285907e+00 -1.359070891864092800e+00 4.372069543594534480e-01 -6.734843756030386430e-01
5.026363089664869221e-01 -1.087232566963166391e+00 -7.482876430343168295e-01 6.578475956114573364e-01 1.424675768032159340e+00 5.777849584887064793e-01 1.168135721116698278e+00 1.662336009626471878e+00 1.014304566748251091e+00 -8.956712243258380113e-01
-1.034105586397142673e-01 6.186251292730133855e-01 -4.072302142074093467e-01 4.436482013176998862e-01 -1.550162603039467513e+00 -8.134141733545163788e-01 5.191693885172412593e-01 -2.196013074353345473e+00 -1.087374639048448444e+00 -1.739300540860355682e-02
-1.685005444290169407e+00 5.597853825925547255e-02 -7.835560103533225629e-01 -2.857625101088245856e-01 -2.538030244917663936e-01 1.855072080051272110e-01 -5.525125858068662410e-01 8.789261966901484868e-02 -5.891332657458292488e-01 5.449516709027761863e-01
1.648025002634938119e+00 1.915483367751384947e-01 1.652776442177419369e-01 -1.132544526229139592e+00 6.746243522439101525e-01 -7.375765671274052693e-01 -7.869838416963546024e-01 5.423717162527310620e-01 1.761452189648906597e-01 1.077248204148986588e+00
1.412652345385765784e+00 -5.283766131207840999e-01 1.256878203990439147e-01 1.723538985894094822e+00 9.462927238038503219e-01 6.981124955658799536e-01 1.278844387280400952e+00 -5.919380826006772622e-01 6.232486143317146343e-01 1.379733133540185008e+00
1.593901140738580580e+00 -7.927504229377859701e-01 -2.474802678604817174e-01 3.763375460612508050e-01 -2.841814444718124832e-01 -3.852869505188039057e-01 6.726030192152734344e-01 -3.475207016468573329e-01 -1.758118821140442378e+00 3.558174335228727614e-01
-3.972738651571745550e-01 -6.846244434927939437e-01 -1.465341368960466184e+00 9.488151009467173935e-01 -2.084307820631863706e+00 -1.590370541413193450e+00 -2.581585220524829083e-01 1.150153657162022114e+00 1.225726181487289068e+00 -1.080923930074220607e+00
-1.738196278565133923e-01 -1.478037039246402173e+00 9.895032516126036626e-01 -1.444870794688881688e+00 -1.401222957936933966e-01 1.010812567218991376e+00 -2.176402957578247310e-01 1.438605892601202640e+00 -8.513350001391017940e-01 3.612664340917604022e-01
6.983955039260330011e-01 -1.143514373045069199e-01 1.134672286896693194e+00 4.486338093959334472e-01 -1.340221854685900382e+00 3.240042246240662394e+00 5.309026862972672234e-01 8.785847756064146807e-02 -1.144902119817288622e+00 6.692542978722038072e-02
-4.146737889089848750e-01 5.809343209348973858e-01 3.350893144788855693e-01 1.670630375270221180e+00 1.282505382634751001e-01 4.629646311290436245e-01 3.357984590060567598e-01 -1.338749625423787393e-01 -1.653493643412033975e-01 9.926362474438121808e-01
7.318162700766208673e-01 -5.905379262327414835e-01 -1.044618345823607797e+00 -6.324363702722912706e-02 1.089655265561191300e+00 -2.582788708609040640e-02 1.638493784363618033e+00 -7.271657880132238461e-01 1.328862103230186165e-01 -2.360779545258651524e+00
-5.688445651110498602e-01 -2.952013826816468622e-01 4.879299110191794853e-01 1.633629612824051947e+00 3.337005658953717813e-02 1.388446718242647648e+00 6.318851431068424063e-01 9.419360938498897440e-01 -4.451635975565579884e-01 1.322624274001441336e+00
-1.050506368617391217e+00 4.847945871323986466e-01 -9.321347596055602480e-01 -5.073003951899295316e-01 -1.430815381526599595e+00 -5.055403774346132195e-01 3.437677686071083372e-01 -6.733104807218737164e-02 -1.319555256546777855e+00 1.439956219055261499e+00
3.291397295255720223e-01 9.839080147955030498e-01 7.664096340020876141e-01 -6.489347845774631196e-01 -1.898435586494258587e+00 -8.934870131034955421e-01 1.195796046396509382e+00 -1.028298751143907452e+00 7.964879015905808046e-01 -5.977311684015376159e-01
3.797566091168675939e-01 -1.761967258238712475e+00 1.127433438191161486e+00 -3.832128403960766150e-02 8.557371927019801205e-01 1.834126698918083775e-01 7.709561773646953498e-01 -9.846974114620721252e-02 7.181071520303135003e-01 -1.458297435547251553e+00
-1.064268979280427629e+00 7.144367901973396329e-01 -3.858220616976026918e-02 -2.252739516789716845e-01 -1.768797096496257382e-01 4.940919653449498128e-01 -5.843167427708806372e-01 5.025438805271278397e-01 -9.018591777094115969e-01 -4.010561930833773658e-01
9.618088854107611496e-01 1.046081887385756914e+00 -1.071375218384517325e+00 8.189298771254627241e-01 -1.014765312496930250e+00 7.157998486668866178e-01 -1.854196873648668031e+00 -1.090862649264060735e+00 -4.970132782165137542e-01 -1.625741397181172943e-01
1.391360456986973304e+00 8.835178106719467905e-01 1.539773483624742312e+00 1.179270511584491032e+00 -2.764548829774682304e-01 -2.602928769483341398e-01 1.044752577744901600e+00 3.945675989118324622e-02 -1.534367616535661227e-01 -1.304951841317233630e+00
-9.927557527641939217e-02 -2.602643782155823260e+00 -4.253360971831519066e-01 -9.137615744324456557e-01 6.458354138586344106e-01 -4.463687696392923954e-01 -3.068452424015770674e-01 1.256194975118049229e+00 -9.782705694507853877e-01 2.952889163806560191e-01
-1.875041502263400162e+00 8.877156824758092313e-02 4.058875719948389360e-01 8.506948115535877264e-01 -8.890928463151368533e-01 3.162457053539675655e-01 3.147589996960888925e-01 -1.902640265873301040e-02 1.484153717870242417e-01 4.585876897856451251e-01
3.834339591862789831e-01 -9.598471667023638076e-01 -1.152441499289182048e+00 2.414991746493988956e+00 1.850087390375911411e+00 -1.341163473640797577e+00 4.338709835623877353e-01 6.046557449843472654e-01 7.240572611082711774e-01 1.352978801415076759e-01
-9.108943106587616967e-01 -1.792758020537235097e-01 -4.826590113534052762e-01 1.320567618118104747e-01 -2.637450587498193499e-01 -1.294057719969501363e-01 1.000994436370945095e+00 1.209345558809218346e+00 -1.160743048602626004e+00 -4.520017250590058211e-01
-7.102525824271168631e-01 1.099079302010743220e+00 -5.332095164746286642e-02 1.301401778399494447e+00 -4.289365897363914826e-01 2.335175024378854935e-02 -1.211324216300127432e+00 1.169865051306459236e+00 -3.256780306948030557e-01 -1.333885010777407842e+00
-5.697572444420746507e-01 -2.216580269837024275e+00 -3.059788900423221492e-02 1.081770366401534345e-01 2.770385622290501004e-01 1.440698340873565186e+00 -2.894422782009602457e-01 7.765129466095990196e-01 3.002732153467206899e-01 -1.859132536222460885e-01
-1.956751815699504959e+00 8.927305588151028815e-01 -4.748415735505275848e-01 1.691794558131887172e-02 -1.197021384184431270e+00 2.666368863127903666e-01 1.017860613067442799e-01 2.771712408159787699e-02 -1.270013692730458388e-01 9.885678913155402370e-01
7.637100832323824307e-01 5.737715271002983286e-01 2.625011973342324723e+00 -4.744237624599669800e-01 -2.999742238923150950e-01 -8.021104089066852794e-01 3.446076017794403867e-01 -5.433965198573496025e-01 -2.132810571638941610e+00 -9.590338988758446703e-01
6.875906302098799827e-02 9.609717092387271009e-01 -1.481675139184872592e+00 -5.828351559371398594e-01 -1.326151933540904437e-01 -6.933181792133211729e-01 5.054860175215480922e-01 3.807431345616479890e-03 3.057351229091693767e-01 -6.901562365087841044e-01
1.479970166704150714e+00 -3.612031583570248037e-04 1.245928789850822227e+00 -4.228363714082599145e-01 5.683177079568038081e-01 -6.543728984739218824e-01 -9.159024079916431305e-01 -6.784203266461061865e-01 -4.417814651737828058e-02 -2.106809893319478988e-01
1.348031352359825519e+00 -1.006030577052179353e+00 -9.549139573848037799e-01 1.489017989264937114e+00 5.331702973293062087e-01 -1.647732124242637042e+00 4.355062907923290538e-01 2.078550303115580533e-01 -1.878095532468989859e+00 -3.236612962909717339e-01
-1.661346099508076435e-02 6.961421324970160640e-01 9.084801230734740329e-01 9.113088875092856256e-02 9.836288899263365693e-01 -1.392215461814743094e-01 -8.161575250491921452e-01 -8.891456143568916559e-01 5.164847586682412839e-01 -1.863767174872918986e+00
6.307577257042993324e-01 -1.029760570782400464e+00 -3.342886436914618287e-01 4.703009425963884382e-01 1.133397833520561448e+00 -1.805969073780545386e+00 -7.502175501665533375e-01 4.565608709523560904e-02 -5.547091486661201998e-01 8.018137462329661957e-01
-1.967917090080312903e+00 3.412571181473360582e-01 4.017347510220847795e-01 4.629341884597804047e-02 1.039647388794993077e+00 -1.159754183667349281e+00 1.045665131217763388e+00 -6.630058133653271568e-01 6.843509014499318255e-01 -3.057946267469304757e-01
7.593671107526773767e-01 7.277806791522536400e-01 -1.365215831478593600e+00 -1.440615476243607418e-01 -8.619224520788293376e-02 -2.218163899049052645e-01 -7.046482374618179279e-01 1.726447973112527734e+00 1.949806334422632403e-01 1.450037411176765545e+00
-5.293442681146958151e-01 -9.875381871457138416e-01 1.229988041086206296e-01 -5.238456880093473877e-01 2.222987012797892348e+00 2.282587820913124510e-01 1.071990141393492024e+00 -2.085534595343243591e-01 -3.032576501605035446e-01 -2.874957469706274082e-02
3.542578153701327892e-01 8.461011376807192619e-01 -1.216528383825608017e-01 -6.780581581421500914e-01 -1.063495264182023448e+00 -7.636476058534924505e-02 5.706119593083940345e-01 4.560681989148918092e-01 -1.774444674171249403e-02 -5.976765338735958721e-01
1.482350005332762066e-01 5.775310490449214740e-01 -3.718635600640673999e-02 1.134937696593993905e-01 -1.520115065316076652e-01 9.246672636522816902e-01 -4.425884938055162365e-01 1.873936123532899956e-01 3.983779124055217835e-01 7.327880884874957701e-01
1.374616873726573374e+00 6.206963428848499831e-01 5.506364147838560541e-01 -1.351048394261908925e+00 5.572441896239777037e-01 2.107771270525304885e+00 -7.627239291195770932e-01 -9.368697509707786253e-01 -1.972523554353386999e-01 9.384579203136240722e-01
4.893093286898242411e-01 -4.448996782407377282e-01 -3.355943809427297531e-02 9.669983267379578251e-01 6.271916315668661923e-01 2.264832862306136008e+00 9.377635307719778268e-01 3.296876127914956101e-01 5.732082309239672213e-01 -3.254141209830407888e-01
-9.672267879830513948e-01 1.701024106359803056e-01 4.852698754870914399e-01 -1.380233568055189153e+00 -5.167223528977942237e-01 -3.652731250558503007e-01 2.627771960691038799e-01 -2.576566842186949202e-01 4.402959181834944502e-01 9.705401215329345632e-02
9.980893145854352611e-01 -1.610727008216670697e+00 1.559856157547251598e+00 1.334460599898786626e+00 4.736361698717472812e-02 6.121511000780817113e-01 5.709457427180062439e-01 -6.940128336544049148e-01 1.549996970655840300e-01 7.324975786684149170e-01
3.041563659131938380e-01 1.032112999964823530e+00 9.326051871792628845e-02 7.927565750275178402e-02 -7.537758711980728776e-01 -3.578778918796601261e-01 -4.513185788992757352e-01 1.674324110903370411e+00 2.361114842659048918e-01 -9.811668485094742209e-01
3.353360315593381102e-01 -1.615304014784197939e-01 -2.569095257207933969e+00 4.036940304945400015e-01 -1.306266817921901691e+00 4.866551617797014728e-01 -8.086995084221939578e-01 -1.226870834844746128e+00 4.158836874082112445e-01 -1.257047249771432007e+00
-4.233353160904442802e-01 1.936877621600459065e-01 5.802106802025832621e-01 7.059245421239666030e-01 -3.438365378394347971e-02 -7.888582403420514311e-01 1.823193337054021868e+00 -5.742864367700661887e-01 1.709255144455653408e+00 -4.288563783209724534e-01
1.116219568021108444e+00 1.028443283607288095e+00 -1.004960099510782356e+00 3.414969470522351003e-01 7.260774582287297108e-01 6.737790410680872810e-01 -1.912172655599846394e-01 2.902418529496912925e-01 -3.793729206690841238e-01 -1.126338704966599380e+00
9.666605215163741605e-01 -5.498122024212008796e-01 1.355428035353753558e+00 5.918275002316235600e-01 -8.769060653521165705e-01 -1.583558067533488156e-01 -2.813349075124627063e-01 -8.555307322386340729e-01 4.925875621046316155e-01 -4.701743666179822867e-01
1.535171830642099167e+00 8.099668175102152645e-01 -8.281231141101201843e-01 -1.787658096093658333e-02 -2.133466138798301159e-01 -1.471962295519801955e+00 8.761689775378727063e-01 8.936246376337777519e-01 8.707549081066190411e-01 -4.299555890706301398e-01
9.874429696100435194e-01 -1.937528339362000196e-01 8.638140490478747324e-01 1.674266918185736586e+00 1.294222009834982146e-01 -1.310895109994092422e+00 -2.927277502985532465e-01 5.920910135304353616e-01 1.126821503166979710e+00 -1.047305581250839168e+00
-1.853193339737870815e-01 2.269359107321946567e-01 4.230612433998572897e-01 8.854400580744083982e-01 -9.224128875019346196e-01 -4.118573451444831335e-01 9.803061932033756420e-01 3.815685855962129835e-01 4.360763365065736252e-01 1.094442741518037110e+00
1.018869464090190746e-01 5.170101283737693620e-01 -3.080144859519506895e-01 -1.317006243099086760e+00 -1.268289972288130230e+00 7.277316281304635481e-02 -1.954057646545024340e-01 -6.409740051772274683e-01 3.113930806935627515e-01 -8.717356558655637855e-01
9.764718944392802857e-02 -1.712205637279917703e-02 -7.367035258633967132e-01 -2.015617522938274675e+00 1.277432169015041197e+00 2.777033885829494064e-01 -2.336543898013202281e+00 -3.739947762120094943e-01 3.453674268815376536e-01 -2.000884158219946585e-01
5.770205963624164269e-01 -9.677172186386542307e-01 1.741687797709801089e-01 -5.317868504041456390e-02 -1.820180180113624147e-01 -2.197684144797236172e-01 1.986203630712424228e-01 9.274022744579895061e-01 -5.270966241650398842e-01 -4.049176088122976580e-01
1.523307051570899073e-01 -1.139883004019131008e-01 3.658273728849668061e-01 6.814544883155582156e-01 1.224972604143045984e+00 -1.104725197304623485e-01 -2.160510868121853889e+00 -6.605397027541726196e-02 3.357228190160412851e-01 -1.773673650342999508e-01
