3
1000
1.359201271473513 -1.7559211498638831
6.6506871832663625 0.048795119104911855
-6.958671850232753 6.907521987975693
-7.832551327998127 8.573171401397525
-2.899202051525185 7.135638199289537
6.428281366128545 -5.175721498580364
-4.797997098763558 7.225032628226453
2.4010935584456985 -0.15520976489778482
5.664863378570697 0.1908437758566297
1.791867159551519 -1.7137996606525356
-11.013978288400066 -7.662587615639004
-7.751534356192728 -6.869939498897232
-7.714312706560812 -5.603697355663325
6.502212851440774 -1.1676776409520486
-9.390226287020758 -7.4645457304063845
-1.5024810504396893 5.2999356462824725
9.60279668428514 1.0546236731229022
-6.749268522985126 -5.172638902867359
-7.481192032935468 -7.906831997864922
7.961076705245229 -3.759152439040128
7.255536445278832 -1.2535506471458453
-5.548367327645185 -9.138832945161361
7.177295179309164 -3.6482929867869673
2.9139048992392165 -7.295228318438684
-8.648303091333036 8.634083851419968
-6.978602641663246 1.4468236518135535
-5.323640197110892 -7.222608461464862
6.040030765405221 -0.7755379692177689
-6.686816676040687 -5.448135733903988
-7.014196691779979 11.233022606089193
-9.393616865726479 -9.490865418307664
-7.300856205710891 10.544693086495682
-6.972925881544233 2.458216252921928
-7.334514352456648 -10.304754104351865
4.9491868532685155 -1.0649622832707013
-5.207932762637315 10.719023990011944
4.772755310986976 -1.808485491612024
-2.982449884066341 -7.914421505782891
-9.971027640287751 -4.6366311075110005
-4.22410813028356 -1.8938700871464471
1.0661926351636613 -2.750404961329936
-7.846505715110989 5.539998574480121
-8.1364810373396 9.803981734646108
-10.182485890807463 -5.59731579010503
6.809693360366942 -4.180883133091209
-9.141852470868349 -13.86794914695368
-5.174549536872684 8.291649672560169
-8.9355061329504 0.8253851151274683
5.38759344768123 0.2781361925562891
3.22408487967293 -2.567352000472445
5.050063979296639 -5.670695636701849
-12.722298583936643 -6.520438330209872
-11.053229145348006 -8.094650310725577
-7.02572929893041 7.618549381602074
-7.897048163646273 4.64777765170494
5.461384153983644 -0.5709332830115081
2.4419636932966315 -0.5817688371972005
-5.568451203003801 -4.208313455716075
-0.5972753652253457 -7.883409265051921
-5.406385799335984 -6.517143830029947
-6.3065754591613175 -9.750598581505061
5.098890990310968 -0.3294428314922766
-10.093638850269677 -7.520391214003337
6.036620970526324 -0.6613613500508733
7.895155001111467 -1.3378817460128027
6.821588129423515 -1.674276052253932
3.1120407670733528 -1.1667339396967522
-11.474854385775476 -8.502753678689277
-9.09041689628682 6.904228975682217
-13.21799156667748 -0.9860372801173991
-10.366854512642565 -13.368349243343385
-6.2461289479755235 9.04909595009238
10.35976221646828 -1.4504633687143196
-6.972024619039567 11.07486193802918
-8.771057712187817 8.953651012073927
-8.473900763820971 4.176063036993107
-1.533977461816873 -4.8280876429682
8.539886325207055 0.022107939979217228
-7.958511628601863 6.367442398838454
-8.567593422066723 -5.221629379782419
-6.2749406955474125 10.446826882510585
4.1046508991023 0.5144342236845465
5.76116084003246 -0.7360410207204025
3.1184423082908443 -2.8589830927208704
-6.851641021858278 7.420675823766391
-11.724925375301673 -3.9428040537305153
-6.777647447161609 -5.9929690223421
-7.650035871382203 2.6375724072985927
-7.712688984497296 -3.9141776946202667
-9.973504211536914 -8.86000659161759
-2.746924691327904 -1.030880701005036
-10.27081754539663 -6.004444630106745
-6.117325295242609 11.009659236359816
-9.140507535513345 5.51579522431914
3.8157959283971143 0.40204690191528325
-10.99641984056931 -10.408617416010921
7.181222630136199 -1.9810296028959675
-9.701264161320967 -12.784082139823752
-9.472493612741268 -11.118076938708423
-5.822094439791556 -8.944103446329812
8.498149075869964 -0.9544698435133976
-6.071583641999098 -6.482232078261591
9.355741138855251 0.12999402012772032
4.50285916162272 -3.544084708272182
-10.713680714610366 7.963266771657281
4.267608277810045 -4.433329104856009
2.6203609128706518 0.8841709553445631
-6.632641881410899 5.556999456956404
-7.365164612750707 8.525239747142066
-8.377937294828822 7.910221991241631
-7.378173864096999 5.947865532477643
-8.738623246593708 -4.517147476540044
-8.763115685527602 -5.3549715145582315
-7.434030773185488 6.113586853885046
-12.505547689780101 -4.6386388348879795
-7.127748025280689 7.005295938367873
5.22400813128395 -0.4128608994936762
4.208061417809625 -3.9701127886694945
4.290679112185115 0.4000972173934074
7.806183213351051 -0.1142673357403785
-6.820347570621272 -7.257673906717408
-8.988384106297678 -6.310166182564334
-0.12762998102307765 -1.4230957227889256
-13.838312392845237 -2.7470476993233994
-6.153241131829766 9.385432969111058
-6.722221863159961 -8.654461259111626
-8.679359811583476 5.440695747288403
-5.938423260898238 6.761350227008817
-13.698556847716581 -7.3718995341556655
2.1555320621805425 -4.526348617757289
-9.892078406016308 -4.182541156657349
1.1553494931165877 -2.895602556692494
-6.300132318901707 7.896023597051414
-6.627826153553052 14.970507893102486
-9.24918237293203 9.82874611585164
2.267147750843776 -1.478122692370129
4.365357670250159 1.377458230298469
-8.748538000421735 -9.267625827982094
4.8647605943580245 -2.0215816949665917
-6.809431226083063 11.06382300722937
-8.223875594779065 -6.156946478116008
5.158471600265773 -0.39013769681103483
9.867632176951496 -3.9492237607594736
-10.119472166562817 -6.881168960020851
-5.595344392869323 -4.838411639666543
5.706684854055377 -4.920286786010963
-4.16171690284581 9.827210958126496
-8.291949049861596 10.150300271578866
-8.364256490090678 9.105617611392388
9.016663237516163 -4.615674821546225
-9.689742285841795 3.1458675110488263
-6.984970613943387 -9.064815353800864
5.9175061855112805 -4.963555496909331
-11.133501371404401 -5.478710804737056
6.797899028754852 -4.0374378501949995
5.451050547826801 -3.6188946338918155
-5.336563439760544 7.2490775073844365
5.346436196233675 -2.0063903541837376
1.952969361340981 -3.532747068555715
-1.72074948286164 5.214708887595156
-3.1638629893148074 5.894809124089962
-7.702790484711045 6.979294171504035
-6.465798987123403 0.04698329360477871
-6.31526471607031 9.855005479290197
2.3077330123345168 -6.601099875365404
-5.008900250031827 4.200910052900878
4.806309136811855 -2.4077033259671277
3.1026430619844074 -1.129328357620595
6.316409347092644 -1.871045177732654
-5.912174990777636 5.250202367794746
-6.541451406203277 -6.419536668887043
-10.847522070211397 -9.955330207942561
-5.706990614986125 7.459743327168545
4.8187643741802955 -2.9550670402813264
-6.182715286153174 8.762907734113428
6.232117403513404 2.6389125790006966
-13.366368326736744 -6.552353611143069
7.174698486270923 -1.5298089872728253
-5.134799996762315 6.604564499648105
-3.6041631284456237 -3.6381136301092747
-6.935688671800349 -3.9195248569243577
-2.9309441104975775 -8.42508587106732
-10.359556359204495 11.285335005325646
7.334911787547718 -3.2027258133843235
-7.272711607636187 7.473607331965311
-13.010648944489738 -8.561623260357539
-6.941297625122029 7.787000233863054
-9.914774938570137 -2.3500636017888388
-3.0689267160141167 6.553288352577838
-7.237424899549838 -5.994910122086294
5.316601044302121 -6.63367175204281
2.0908978938442586 -2.425694868564998
-4.992022619731522 -10.474297001216064
-7.05955090401484 -4.828101087085836
2.3659731151216765 -0.09305408716343933
-9.995942169817301 -3.36593135091254
-11.283453231218644 -4.576506793995451
-6.848294429184456 -8.972318449010343
-6.819152254721702 8.960386853014597
-5.0854289393362 -4.891871010166392
-4.885429602535391 8.966456115618701
-7.637665489480036 4.671821190122355
-9.176214328953172 4.854103894166975
7.020593652072114 -0.7337673403503282
-7.649720854444206 10.798416011374563
-4.929304858274699 -4.577222919484642
-5.667619520560354 -5.55842867132594
-4.992286436383574 5.258930472709327
7.97196855282605 -2.135244871031342
-6.431248426989534 10.108454698278578
-13.492241617832558 -10.45450370415964
-7.194555409535298 9.889936790324358
-9.192849659071081 -7.306880000385371
-7.0200859121392325 8.575227078319736
-8.336820313320139 10.009930463136815
6.39623818442673 -3.790081495146219
-9.48562644919188 -8.397025894590456
12.062975810521504 0.026413641760668405
-8.564994488678092 -7.6379529734970255
-6.4340162762630495 8.15375563640711
8.097017858146563 -1.5585886711372214
-5.206858504728008 7.4520204486069535
-0.5517188567108624 -0.007539865481959174
-7.036793992808324 -8.063942737089997
-5.017187478556243 -6.957580701030968
-8.99778043010968 -10.82403219611467
3.078182706005028 -5.469774509513959
9.370320079162767 -4.803821510652519
-13.181255416839004 -5.835214909326841
-4.611131407361668 12.018185839360545
-3.334949751486572 12.651544082316551
4.320335553854344 -2.547303495103676
5.419616092997602 -1.1146150116222753
-4.294406165246248 6.31422988230182
-9.014879604494375 -4.011925515484174
-15.580929344757763 -5.0333988783932355
6.539548175739196 -5.252110170024618
-8.19821881950974 -7.201880155216259
4.281820482747492 -3.2657725661770867
8.396565149779612 -2.9499618067246747
-8.400226386637073 5.365676113462749
-7.083817525648874 7.484821230777852
-7.218297766774501 7.676621975408086
-0.4771602146018168 -1.7716058696706252
-9.318837046910854 -5.7111519486466005
-4.900089716002238 9.400808309656368
-7.351745675569038 -3.9350465745612633
-7.047654396165811 -3.2277862324677176
-11.641011294246052 -6.767274189381878
-7.679544305943114 -11.822615421630228
-6.2061988035657905 3.777909209469274
7.919870266298707 -2.2249908354054186
-12.595812522333489 -7.133053613394469
-7.106234563889829 8.117544452493226
-8.900955050203907 2.505541223041517
-5.760604132288947 10.009485735392056
-2.2354417842476098 9.632534044902318
-9.776259824848408 -6.721415601150675
-9.742212446353303 -12.971585307928123
-10.465854679876648 6.908864392606203
-4.422989648093515 -10.483126824627394
5.314953366754676 -1.1616468873928998
3.5673222318054636 3.07668080238283
6.37442296100112 -4.992517350731696
8.138895264425349 -2.385400125106023
-7.65956677306931 -3.213892051533896
12.917252931643755 -1.6339810743934486
6.798863825384334 -4.291862418473295
-4.440482658085798 11.29552045825175
3.9804887725053835 -2.9486383566047407
9.440338770762583 -2.6569578629332615
-8.54621169609591 7.927352447503311
4.697674454049377 0.7475708133483252
5.91507131363321 -4.188770171771346
4.283465837279414 -2.6045929216010526
-9.29370663771343 7.264258938568661
-9.638135817743692 12.57472980410188
-7.149053641312822 -2.9617501562458086
4.239075309558107 -1.7713493319778828
8.463465420140023 -3.7198019651072705
-6.321659025734796 4.105748384421907
-10.104732596552113 -4.067501425355798
-10.220205461204621 8.91557660844979
4.260338755012832 -4.618247090956136
-8.886142414275291 13.690485126934082
-15.929791598667371 -5.9083342822196165
7.368279231467762 0.628200331933364
2.5460527452979203 -2.7651714308068414
5.898335415098186 -2.8093025471828708
9.080003777149454 -1.2444087253447615
-9.0067599941564 -7.672087944219922
3.470891020468767 -3.8247142293457173
-9.261594571736742 -4.980312581049674
-5.765850457192138 12.840888586632808
-9.514521059121998 -7.263342428277675
-5.023750390423645 9.522323511096602
-7.442586507699197 12.581341780152625
4.871834838125573 -1.7125344183569982
8.041992122960165 -3.5568068141597218
2.8618072864003827 -1.6998211656685853
-11.877195749532252 -3.2897729731763454
-10.668261921568595 9.237522100174155
-11.309663013023469 -8.450649982138378
-8.025095582354503 -3.0086814470314636
-6.606883094057719 7.674377231886123
3.7102018583284537 -2.5623209884499873
9.369501280610624 -0.541802187846987
-7.308984138919611 11.86523391184231
-7.994078039814247 10.554407215248471
-9.055150147186467 -9.038373478274426
4.339991660347635 -1.3439132695236304
-8.192655018983647 5.4888445183617485
-7.676337877097032 7.643266016804289
-8.64629189757088 -9.515964304742932
2.062164808568359 -2.869583894223603
-5.988475070502834 9.019895156160903
-6.991377640127627 -0.4175330809507809
-9.790246221451017 9.824205132734845
2.2341013779852337 -3.5997004082204116
-7.372838940390784 -12.326933436654805
-7.395674631325047 8.961009529656248
-8.085721438563848 7.9501966233638806
-6.938369842161681 0.5261064392564405
9.321656356519847 0.6933226468103575
0.20769968599618238 -4.674188497096587
-8.781866858120946 -11.11010776504692
-8.579593977480803 -2.496624816655305
-5.541622934538265 7.446625904629502
-8.089568330445426 6.589081954566926
7.3886141040527 0.47567414868303004
0.41389214846259925 -4.626039988201335
-8.150903645686544 -8.086358680450171
5.0566808039993285 -0.6124618940855808
-7.705737628277017 -3.9264910280727108
-10.737125502930587 -4.129172573960606
-3.051606207513493 -7.502085857730108
-6.322041414952276 -4.002628599823753
-6.7495456231049324 -9.97317515406631
-7.571927348569009 8.06202321120153
-7.55336469790683 11.102571629328107
3.738077309850305 -4.453763327906595
5.919679766196195 -3.3458655859689914
-6.918369974400827 8.173741762690208
6.452531690098189 -0.9516626670877739
-6.56919223471297 -6.821404803021728
3.321798938578687 -3.1755221153460065
5.204932647851905 -1.7573717769022252
1.9700933864001642 -4.010871164780875
-7.012876427760712 8.52083078676211
-5.793483987650566 7.51205948913086
-8.912585226944659 -4.2076368368872
-9.60548458861359 -7.816074017080549
-6.388472540629227 6.593150512667595
4.97743724654727 -1.0524125324501317
-10.309485493171731 -2.360420015844049
-4.558066753087028 10.049564447216323
-5.829162859805934 12.308399088266917
9.079087038409178 -2.6615717465784345
-5.204626456520838 5.921703588974621
-10.979778208768641 -6.716892130543354
-9.287015407975437 -10.862003602911638
-5.718715306328129 3.244038604262541
-7.74833693477342 8.749117614591368
5.804094709964584 -3.773404292155666
1.5972535911692907 -3.150916014962113
5.209951185281785 -2.1616188303533432
-5.116201927687758 4.557772877058532
-6.006832877062271 7.251355310754275
-4.964626643828915 -4.2112194504849505
-6.507343303600138 -4.8201018649611065
-4.7873830842604885 10.750838579913015
-10.774969224093805 -5.913141227979301
3.8181560670969557 -4.422413235684168
-7.839892614100087 -8.488610854085579
-7.6310120495218 11.594070818178729
-9.39509518465341 7.228073936235184
-7.032339782701331 5.386608040609484
-4.492708553202262 8.024622073053209
-6.28021650585778 12.190658800441733
-6.130664709207132 6.361571226567904
1.186223486985205 -2.365825475187747
-7.936607521796831 5.6676034265965765
-5.9471315740794 9.97594493338506
-8.950544847282451 -6.318188267971609
-12.106398678926814 -8.63457331109834
-7.858288110241029 -12.102369096679073
-10.090760961216398 -8.328476127363722
-7.917157895032866 -8.735393513734877
7.387353638462126 -1.87012535991833
-8.925961041501617 6.1999143079286885
-7.119713167279406 12.111113826683395
-5.979655227731383 -10.429578793342149
5.269427002653665 2.9383827683775463
-10.501329768749093 -3.9995690588675847
-4.135132312831569 -2.8892417489493294
-3.473048365399726 -4.299290989166726
-5.820112094288836 -7.685282471228164
-9.210760948592686 10.958359337078026
-9.624981338245892 -7.642950664703483
-6.362206095736054 1.7355826605134315
-8.878135433572718 -7.248445161340177
2.8635477925367083 -4.351182803991165
5.504498329701582 -4.414166787195418
5.925161440995568 -0.9328313961401717
-8.69360397158006 -1.0734392770097259
-5.537640853484932 10.846521110278598
-8.589280977233352 -9.845069890278914
-7.70191203390794 4.031401839654652
-5.3955002608077045 7.72800756407575
8.11973472817921 -0.19813955239546077
5.865457130388746 -3.7814883396872636
-17.676971505982557 -10.296565479605187
-8.909923527256776 9.710129892580275
4.345524687765414 -2.4498032590134438
2.361032451395062 -4.694392457493571
5.021999749697724 -3.0456307642564324
-8.181407463912166 4.574538035443728
-5.2088706991918485 4.8923262527165035
-6.00090632092323 2.273865191284382
-4.834797648653145 7.058980991867651
-6.782204931359773 -5.464611395664871
-10.409329343377953 -3.5097205922418744
-6.176811524231606 -10.502940666934846
-4.385232409695711 10.185059307834035
-3.092118520923907 -6.68866392259263
-5.489979915906811 6.574325817004884
-9.046848941667427 7.508083143785532
3.9145537503511383 -0.7439150705955049
4.268379852037011 -3.0489964879534104
-3.522285696260168 4.247049744725329
6.189370878975118 -3.3913080406763987
-13.806692199545266 -4.643370747009872
6.265926037806606 -2.9481795202994006
5.347095913876184 0.6575578168069476
1.6395576971803099 -1.717866326168357
-9.428859065290206 17.66290852693443
4.687271075954526 -4.883963857788437
-10.351567020046225 -6.488648874663948
7.097762398952497 -0.9869453652326403
5.539458688787258 1.0206208837764499
-3.4512248251254967 -6.450994163652487
-11.575232596856537 -6.000507182318801
5.072985847624163 -0.814845236185223
-10.037515873742606 -9.69693560979007
-6.537912196435327 7.581410145430201
-8.198338060354345 6.351099946015521
-9.004230842834485 4.1907797939416955
4.742597733808018 -1.963614223353374
-6.590688539854648 12.778187757742844
6.5929967850120414 0.17037403879894386
-6.469825609230928 -2.649123383795726
-7.1829138191400235 5.103047917849436
6.440574191497416 1.9423936484590452
-4.137385041529997 11.041343445065854
-4.428497218299855 3.5253882308598907
7.660328390937158 -3.5288117225021365
4.036962680205177 -2.4033295358808933
-5.036060970003918 7.247916670004941
7.649337062080788 -4.711577271374152
-5.885711883785618 -3.716860233998319
-4.921201100097192 10.90076496496254
3.6033269108626955 -2.013997579619336
2.0341663046014036 -3.4882011645045976
-3.3523950108705556 -1.3592961385187916
5.195905008340393 -2.170963985909086
5.969392348164115 -5.537475911257504
-2.5817566675711117 -7.724459257463732
-10.350663724246507 -8.90736862825376
-7.67220271030225 8.062699230671004
3.18400118923668 -5.189525178123431
-8.077866136272013 -6.692468271074109
-6.718412797156275 8.857292264176651
-11.043857406313975 -4.007138307341488
2.9643182287884238 -0.3865623308662598
-2.208662676618469 -12.59648101174604
-8.70763166580894 5.113144025337348
-7.900648457008022 -11.210797826349847
2.417424120206716 -0.9067308415387219
-3.0859514305972295 8.533604756680875
-9.25612924390305 -11.074609832292388
0.9797670762393524 -3.96020624156914
-7.125356391098219 -9.380925536528872
-7.8471828150046035 9.116411478988992
-4.017970214466579 -3.126063473794468
-10.73066039060981 -4.169272021117937
6.1716860099132305 0.5969088041994124
-5.744830871123681 10.158072006750672
1.613426516463476 -2.568760386326069
-3.8017327111325487 10.08579594088137
4.503693951273473 -0.5092505776157792
-7.022351342901029 -8.078176230562095
6.461844195594047 -4.368921241663244
-7.25574804087696 5.840773723458049
2.0848183508498423 -3.012125901761091
4.152549276581293 -2.4591626848693986
-9.372488929723527 -4.578179733676101
-10.926148328628663 -8.495394823578486
5.79894446138822 -0.2663494092798393
-10.468190759724454 -5.16410392816527
-7.6703837821406475 7.569184126785581
2.3104056394869517 -1.5772823849677957
5.844547825012047 -0.49248320232914655
-11.772347016304197 -2.6337496491990287
-9.654499647361433 7.156075014830982
7.183304629940016 -3.146260245568081
-10.825691900547762 -4.432151882026439
8.804464936074279 0.45003915140182604
-8.31711931474498 -1.4720034288729602
-4.060334792552704 9.738223904991955
-9.92478251570967 -8.659206233892712
-6.684195849005851 -6.262459323965088
-6.176995462774634 -9.731170982003647
1.2905966951501444 -2.9087109514710914
2.363567526644734 0.6499223209920606
-10.576726156764993 9.789684271270998
-9.273493284301585 12.979864494180333
-10.372830922760565 -11.300772871405957
-17.05414448702131 -8.386680355976202
-5.582046327534751 12.41728798999916
-10.94412253261939 -2.0416824793051225
5.708889334202685 -0.64459380259727
-6.01057454478738 6.887064859467283
-7.459787236884982 -9.426669571809489
-6.68454783481449 -2.32050360934677
3.588232012782331 -1.1872870451117068
-7.731997397955173 -4.072323155972473
-8.26450584266838 12.101918146080422
-5.615364134734049 -8.87328608063867
-3.2105141163464745 -12.000646743197624
-9.923641295710654 -4.068297137583031
-4.338972914677129 2.9158464953894985
-10.170549534673562 -0.9765598748342672
-8.516338041377656 8.431210757411565
6.384058745269181 -0.8829756356574083
-8.688264073781472 3.9388606091710407
6.66533332494115 -1.2981680838524152
-8.536959783972355 -8.352503476614372
-8.754900158866466 6.0218372989452895
6.080174800286335 0.5835999468832767
-9.96678092040558 -9.413745829194552
-8.460511304882091 -17.612107049049033
1.3039649182675697 -0.15562640901852687
-8.577924021498813 -7.945311988179509
-9.063469438114815 6.66071130037049
5.9359287548148245 -0.8921779220302923
-4.48818843758027 7.461966166407966
-6.550775732314284 6.554873150360198
-8.079866031217527 5.2690257975461545
6.9674866711981185 -4.368688922080318
-8.444648931291939 -2.373570913748493
-4.685187046508398 6.484110477464742
-9.384349990021933 6.74173746618858
-5.548868863581243 10.93507308049672
11.004495136944117 -2.0830505086856377
-7.646937839126198 -7.102308811169555
-9.355670140854976 -6.9885161284145125
-9.085626662806073 -13.888039760435877
-6.343141488037489 -6.843188645135497
5.770075061272484 -0.20249580377272935
-10.441422795566227 -6.03276644852885
0.6175768366293752 3.060977497024572
3.9558120802301397 0.17228837699353994
-5.4637635601197045 7.478382963379399
-6.345021207329548 6.5322275137737655
1.6227820475052641 2.6504200552724058
-8.162070773185777 -8.28868752097831
-8.993703508641365 -7.240934298003119
-10.938346953274355 -10.714195764356843
-6.12180818377574 7.2305410093196345
-8.681196887176318 -9.96805353736168
-7.242537265965439 9.933888318344703
-6.296351909187418 -4.267806569325677
10.348664451923865 -2.4339311496110208
-4.513955244875405 10.554864839816519
-11.514968535907563 -8.812325981258882
-6.586002811401673 6.523343446298692
-2.879858093828088 5.721007159719691
-5.279606694996559 10.77880653675456
-9.54504577537719 -4.3948325440837
-4.702224227526454 7.440278302683737
-4.853455301123067 -7.822052538241632
-6.279834923720072 -5.105430621436607
-10.01993849824548 -3.496324154268852
-7.114391215441891 -7.953347224005511
2.5578041924752313 -0.3519251732401545
-10.961172247890843 -3.6534264528016576
-10.755300418703738 -8.64162822863913
3.3969427495801585 0.7063484556768937
2.6806045200444615 -3.4097613788738803
-4.033180806699661 -9.800688449462896
-5.360285975209765 -6.751721502979602
-7.989776511188985 -12.070957190098465
-7.115096184851536 4.119902034471023
-9.263704714688856 -8.51147223858146
-10.4697258834573 -7.432365655874492
3.6515340496589124 -5.235491254897575
-6.909165849962675 -1.6544487771929335
5.700088664473108 -2.830929504198339
-3.0338356354460743 13.14437593327337
-4.740478001684504 -2.874934298783602
-7.338982846298547 6.554061744791422
-8.90885960042344 -7.026242345032603
-10.101529462056572 -4.857086959497789
-5.637292661301959 -10.825086776402678
-8.268499569326975 -13.354763100353333
-8.150179237239241 14.214416656452988
-8.676424671115555 8.367028394794316
-7.6248026357558825 11.2168635868356
-5.832656402426527 4.405384303069296
-10.144198009379826 -6.5714293629374385
7.33488574680152 -0.3403648226805174
-10.620209044261866 -8.406847366135668
-7.065294194161894 6.33469588375857
-7.7874474255833634 11.287066706125147
2.4523252268993554 -2.4787945199393033
0.6589711433414189 -0.07872573107208969
-9.230565096234365 -6.107564005544232
-7.567417123348623 7.202017165518522
8.642370266967495 -0.31584200551325603
-6.917613360143592 10.012459391248253
-6.286471650916772 -5.767208056865008
-9.491443366340546 -2.583326475783748
7.6784075527629 -4.801393340132778
-8.134491000014032 -12.903748148052038
6.071816199095939 -3.5856080131272487
-10.948222858248055 -6.944921072992835
-5.513054236476901 -0.8749787719117856
-4.501178974075737 4.444455368276393
6.372611928476271 -3.5464342819529926
-8.877270341141275 11.318856760991213
-6.545711186368116 12.171635942238108
8.60972886233596 -2.3270079854195305
-14.084202485104644 -8.426603590695217
-5.872946302341596 -1.6043929116789792
-2.7052761845362756 -7.502174838365236
-7.400503169992503 -9.834045340748899
5.229618096627442 -1.291903745508058
-10.791139443345308 -9.342003659719927
-7.8909512751220765 -3.0156063679847644
-8.020754687848298 10.469487230501114
-8.427963165193374 -3.793528937266649
-1.9151292674145708 -5.406359919999571
3.749192212017729 1.289716926039814
-7.7519250268420725 -10.789892917849762
-11.811203085592537 -6.17692394457379
-11.015704924214967 -4.423781251752814
0.9994960094106684 -1.4508729665292568
-8.935894358888273 -1.4666764741267997
0.22934353342202662 -3.276313176423523
-11.680057791291258 -6.87694069047246
-7.819604356561795 8.465731017954377
4.359061112043835 -2.148638300557035
6.322022133496705 -0.5298835764369512
6.288620641391829 -2.1060367038699
4.509154163111213 -2.505896174722625
5.3243738123662805 -1.9249844658679778
-9.509003319575388 10.12345511817519
-11.193427884582814 -7.792359662917119
0.5876285952769562 -5.63519364726873
-7.179087869146523 8.313669835043195
-5.889431204708725 -4.5708978056589515
1.7954382810985008 -3.0572885249503567
-6.6808436186373275 6.560844261616346
-9.093360312560232 -10.09569458796205
3.978967389143404 -2.650946223498918
-4.69766558285977 7.89366183165021
-8.074002162968855 -6.475618916678848
-9.992288742457632 -4.007217461296479
-7.185418367185161 9.684151572662183
-0.2796861156095449 0.37404702559195036
-7.204031575877235 -5.3709637674206085
-7.652765558370973 -3.5178202015234565
-9.272291322519445 -4.602235401214205
-7.528065585775647 11.799701691219783
-7.549267390167598 9.379831153295212
-9.516306029156436 -2.765408603053716
-9.236711876545899 -7.9231954575465995
5.534222777609784 -0.36952878728606997
5.8004730240358935 -1.4196914475524491
1.231895447473279 -3.0320556294956083
-7.59084493571845 9.48384485493133
-7.914536152222768 6.364146647918826
7.171426346389824 -2.0786858730949396
-7.580072692401497 -7.718137637248057
-4.28095930783361 11.614010483290452
0.8257629816914456 -4.230952651775584
-6.055685002503726 3.9585673037670457
-8.720275498769041 7.530349208693026
-4.21387641950941 -6.938508666480131
-6.3826941601994 -2.3877446316879585
8.320803434348383 -2.4621484413577748
-5.952265952867148 6.689144879994752
-7.841851154197441 -4.8224031246864705
-6.403684207608729 -13.570332312390688
-8.926330620623613 -4.144800268919285
5.950507384726659 -0.7791795124074976
-6.203446753051258 10.587439138663287
-7.678973716702109 8.250394666933989
-5.334335660505902 -7.137758126470566
-4.614264782303091 6.066945221181538
-9.638598443119566 -3.7618839452575275
-7.39226225057551 -2.5150402109182917
-8.28273828796499 7.677949843806119
-6.623232809997539 6.842341010231679
-7.7009559535179415 7.376607338184038
-10.079883909309478 -1.9751957268758726
-8.174461382088555 8.417511300962376
-8.27868755590574 5.291026845734474
9.24331952487113 -1.880081112619149
-13.426807407969948 -5.782167181531172
-5.673657214467136 9.560797907659632
-12.456988889021812 -1.7403052194765145
-6.80474224207436 8.957477689648307
1.057296020165765 0.38592057375078825
-11.182969930659306 10.00177361844579
7.845408123946458 -3.019180758155147
-8.017285908867402 11.231878461525756
3.036188221856775 -3.219523640614211
-8.669939795377964 5.65165033581493
6.21852387615952 -0.17820347731851705
-8.897914468430328 -6.310227878972639
9.574167164426663 -3.0917536482282664
-7.523548710837541 8.048910687835265
-5.912668427436852 -5.896105361623298
-8.485848703733668 8.476647442847632
3.570179808313733 -2.779184496700812
-5.5019822307358535 13.410967477548418
-6.946556172537783 12.66232957690002
3.3424386961687693 -2.2445827026613774
-4.007638717160926 4.341743248422238
1.3348861061413841 -0.9947796502207009
-0.6296447653558248 -3.6415003967549597
-7.427778227215943 -8.013260127519397
3.6325083848387862 -0.8447518902603814
6.290352525409865 -0.6579247399721766
11.053585397787064 0.38478709341636375
-6.409968931808246 7.4638154992284855
-11.585723151130695 9.82508117666299
-6.306455194536262 8.767944911362841
5.0115827167508185 -3.379565880227365
7.899231090515815 -1.7075778963643566
7.941647795599046 -4.820011661005994
-5.269739188050389 -2.163273443640149
-9.942446358342549 -6.324524743175589
-9.743325977789198 3.5731227419723854
-8.615064552744178 -1.4540038835989968
-11.463944272396311 -4.1836021666953584
2.330832708421063 -2.2223095561945154
3.235777792786359 -4.3472677000790885
-7.944360549995467 9.201430609686684
7.670745847014526 0.6146507025193415
-11.097564727596257 8.39025139038656
-9.0900317108958 0.14601234745010316
-10.273735148818648 -7.065272391942781
-7.92114645047145 -4.694513972614791
-5.250106308873066 -4.367927759371932
6.257669936343086 -3.7000340607009363
5.5137974949351625 -1.7649587564564115
-4.348960333152036 10.341957968782614
-9.310395964805494 -15.673292466539788
3.9646166566646133 -4.0662676957507164
-5.412596446427342 -5.217148560111259
-6.0683662099032905 6.466243633716518
5.190868362718324 -2.878005161991465
5.72068406774299 -2.838561737450093
2.2314097188638167 -1.7225323168025979
3.8974279461433596 -2.0210782416166495
7.714404548678622 -1.4207214020285046
-8.474789775622705 2.3304898009886985
-7.277570101820197 2.4297069340895705
-9.056664540391935 -6.447759258657705
6.756090387031845 -6.3816370849638515
0.9513819488736264 -4.592199434626753
-7.814780103927367 -8.062609937766446
-6.909184269960969 12.706281133198448
-7.317507769589543 -4.9112806980452905
-0.016320604801649985 -0.866763135999167
3.99798646167788 -3.328079007677885
-8.577247532045604 8.175122852774749
-10.003674226441836 8.31105492427893
5.728533001921658 -0.24777125157608948
5.482989195901022 -3.979862074411626
-7.51076371317409 -8.403360583841316
-8.479454556421276 -2.975191580570298
-7.737215980529502 10.041709975710432
-6.206050071520137 -6.612105274406983
3.6381461647836124 2.1100810478213203
-5.155844186333471 -11.85801950633399
-7.227694103802598 -8.535364729821874
-4.706524871323115 6.788177256011506
-1.2606902511674107 -4.777369801365369
-10.979403908567278 -4.779384249833649
3.337802295237367 -1.5542901671816867
6.0212195473366386 -2.9131548785097134
-8.096699186065056 11.635889281958066
6.826895375051479 -2.238250458958662
9.418788902361078 -2.6718696962282786
-9.516393986893878 -9.76048978491021
-8.866632736490606 6.816239347926855
-9.598258147850936 6.940583331264372
-13.419128237536384 -8.147462331945956
-8.777833406562062 6.649222412190942
8.488572907501117 -2.0303198807640173
2.8904297852656358 -1.9260497483569001
2.560966556404731 0.7049088456189825
-6.496200877546236 6.112493592444585
-9.068822616731739 -9.945604158853229
-9.788681827541161 -8.620041384290023
-13.194209206068685 -2.079203739133665
-4.715139619815357 7.428334962992772
3.184525203426749 -2.6041820677038245
-10.172872483389051 7.435129289181123
-4.942898891775795 7.913049862143087
-8.046359610155312 8.737946858710885
9.349454028944868 -2.9814578177127213
5.5376850981895664 -2.0230407670935455
-6.044270180242397 12.264568399050287
-9.472425526531865 -7.314042474535646
5.80199519816036 -1.3155772118759037
-3.8467713201507685 -8.87148073373049
-5.418965781760284 7.669749027083669
-7.211059725177554 7.86594723744348
-8.200568343004226 -7.480886852432658
-6.057336233730526 -8.301146119226276
-10.017168428135312 -4.360982622336698
-7.850057009961919 9.664458722633158
-5.375195263782723 9.426374980272897
4.889638554454067 -2.274538417906632
-5.793713273779321 8.122301297708937
-10.546611351701463 -8.152997901712812
-9.593371605567562 -9.794763067928507
2.1205526382636806 0.4824112653584227
-4.883471823738105 4.353857792713905
7.6650464263550955 -2.4842794573321263
-4.457505209776105 8.158032569976719
-6.815193920870055 -5.569413645909596
-11.313599671171456 -7.93019078382876
-5.010447413428503 6.479045238767498
-10.295309813242778 11.76129219097939
-7.789529699265792 9.175217905807894
-11.680022229096663 -9.026953871529926
-6.705123286436935 7.876327475005987
9.016760030094556 -1.9388845672762562
-7.338926619566402 -9.9708537399523
0.6318501452558181 -2.842996813699232
-7.0116338113668855 8.024050548968237
-8.586055708689303 7.977458066502981
-10.479536356790808 -6.824755394677973
-8.855843227463119 -5.1061934488374625
2.0458806281354907 -1.0530403145013842
-10.47130761975564 -6.956067992886803
2.445606678294345 -1.9529062486725322
-10.886182888731506 -3.3711687125736867
-4.138209930798551 6.560624384901425
4.6459002839908345 -1.6218938080392258
-8.657525983650421 11.221324403385731
1.7199352996411856 -2.7572356821046333
-11.769227584281749 -8.035478733175772
-6.330597880997554 -10.296600548276574
-8.486708839629149 -9.752026080275405
-7.504885462504738 7.825871630565946
-3.2680273569308818 8.205378877396939
3.9791958998495227 -1.6845080454033003
-8.222154089867812 7.205469860158891
-6.397545943911612 7.468633415134504
2.0127473024730618 -2.7658801247949416
4.52314990266722 -1.9821100821098454
8.92500597857459 -2.8730102164556572
-9.72331862982041 -8.519567089856094
-4.069396528545592 -10.073495066700897
0.8213675934420221 -1.7090217195516952
-7.855876724299392 -4.90626324262785
2.9155649960579364 -0.2756627888997325
-6.510397908526072 -12.882945682658795
-5.980523298759898 8.984546570951167
-7.5557830577882505 4.985683323340701
3.15918444365293 -4.2926705685413165
-5.972847390201626 6.598115657439729
-6.401580331398739 8.299549233046228
-8.49511315771043 7.45120556150493
-8.27752390834734 -5.329163776837051
-7.71135338381171 8.414809381264213
5.114513361157561 -2.9030162724795083
4.981910362389053 -3.724210089105088
7.011877207061383 -0.5239225208015199
-8.600639515481959 -4.4033933577517725
-5.176224594679366 -2.020191329197022
-8.97620259438054 -2.2419959559228237
3.80705078072765 -2.4881975811274106
-11.324915557715986 -7.941126078365983
-7.083683396400376 -9.37517775599206
3.4766014147781235 -0.14938285438852406
-9.74149876788542 -4.792542629269501
8.43988594803966 -1.8219597341022886
-3.9891161200158223 7.709430697455714
-6.607268379971062 -9.90593086429373
-8.205527531461417 -4.285139836022305
5.091946533069225 -2.6276333639487346
6.827246504586842 -2.5223106203345393
-6.907329941419298 7.604697477360986
6.434772434337153 -5.177395847357959
6.075057944523245 -2.9547672094161337
8.79941751923906 -3.090034747355486
-7.775543513084413 -9.03479024301786
-4.997448016038128 5.185856516188775
-5.255545485046882 7.197925345733598
-11.114021171312567 -10.524382221503462
11.493262888568228 -2.002343827310312
-8.008192428359353 -2.723613368021719
4.16700805256373 -4.590788351680402
4.538257105506223 1.249367676336258
6.4339939068619 -0.18793917475184263
-6.478586857100506 5.986982144420315
-4.4459775747126695 -10.774801270579825
5.079362327036268 -4.0717793919943475
-6.853538477834832 5.391788240266682
0.8349473123812672 -2.8576437132950376
3.1566001490705116 -2.0981640357150413
6.236110608577961 -2.8333008663902803
6.251170994930503 -0.7251469692760422
-11.174937209802062 -5.537809091489505
-11.006249489779059 -3.4212398114527716
1.9438489684875226 -3.114069788449312
-7.2493445761025646 5.714001807443362
-8.273192990511236 -10.865126669987378
3.4642546406078614 -0.2714796994224338
1.4559867297564848 -0.4669385598925142
-7.340693027560446 8.37986796027543
-7.68575796346882 -7.384336003737776
8.232936130105024 -2.9979391560361446
7.830571374325486 -1.2622176346405034
7.0080732284935525 -3.2121815434315675
6.635264673260635 -0.9105253803001285
-7.831074275989215 8.90907063500991
6.157255040516332 -2.0011238102858697
-6.361240878766482 -6.678035857570862
-6.944451784896792 5.812577731471203
-8.40856088863254 -8.292131146902264
-4.122687793113132 7.257774381742099
-6.3378820754817164 -8.296482379370074
1.622300157884054 -3.293211533308704
-9.386955566476521 -7.0613731021357244
4.8418870597810955 -2.6714272869686546
-3.7472746823255285 -5.829279423026862
-6.108531814935077 8.028692688182339
-8.646783342598765 -7.839025615907966
-8.826441750605866 3.7067949258682464
-10.235745617382545 -9.273550592804547
-8.691051925311795 12.687415098842713
4.602977440331086 0.805970330997956
-6.701779566463085 -6.999519999024677
-10.830941923663941 8.518656710949921
-6.655267681448566 -4.929716508684136
-10.789956849863032 -5.369240854665544
-5.529487794151259 -8.598599981379826
7.892262156098267 -0.4397232370006017
-5.457119241323603 7.805511599422682
-6.01691250865487 7.477763608351761
-6.959084652641406 -7.352971236147331
-6.911997799191256 10.315391088866681
-6.656542208275528 -1.4460811415679968
-3.290634626759048 -11.043975117116986
7.822210949301001 0.11989274325917165
-6.420499859020152 6.6056576759830286
0.28755212578305933 -3.3871549540871064
-6.48665992050559 6.689627822681145
-8.52287441277293 5.183778184115592
-10.486462647209933 -12.586192106303171
-8.863162321009355 12.727859830289772
-7.6840132669295365 6.291506127156113
3.4748570979758058 -1.3385924377932155
-6.688332953901993 -6.517494998314077
-10.140124246830748 -5.755500695329735
-8.104307231821313 6.723742799523509
4.2344568645209275 -1.9448527310798327
0.11271714997431381 -2.3219257394026527
5.9405982556433194 -0.2794262541121837
-9.135356465397692 9.841432648319415
-8.215870997155083 3.7088411265045114
-7.987709625456961 11.64411040207558
8.361554051565744 -1.889318383809365
-8.94408634573097 -5.794324761186253
-4.168027950528069 10.502459103629176
-7.090613038105541 -7.625110634371878
-10.979490904337629 -4.355149802698552
-5.355318197387636 -10.159795052022735
-8.294466849478113 -8.859247364840778
-13.81897753714383 -7.243307706042658
-8.90335813428144 -1.4918850778756534
4.4348872837841915 -0.9696534881704739
-5.301226464647685 8.031788299987353
5.770036068899193 -0.3003893387926837
-5.771549600331734 6.561396774450203
-8.211803179415508 -9.7856414128933
-7.876741723548395 5.671361457737804
-6.03100578226622 12.278294134073988
2.1028863497071435 -1.7166615266386287
-10.237268630841466 -6.517936502645393
5.486066681096499 -3.6980965574366436
4.948511432308333 -2.331446171138123
