0.0000000 0.0000000 -50.0000000 
4.9751860 -0.0971057 -50.4879500 
0.0000000 4.9038372 -50.9759001 

0.0000000 0.0000000 -50.0000000 
9.9503719 -0.1942114 -50.9759001 
0.0000000 9.8076744 -51.9518001 

19.9007438 -0.3884227 -51.9518001 
29.8511157 -0.5826341 -52.9277002 
19.9007438 9.4192516 -53.9036003 

19.9007438 -0.3884227 -51.9518001 
19.9007438 9.4192516 -53.9036003 
9.9503719 -0.1942114 -50.9759001 

19.9007438 -0.3884227 -51.9518001 
19.9007438 19.2269260 -55.8554004 
0.0000000 0.0000000 -50.0000000 

19.9007438 -0.3884227 -51.9518001 
29.8511157 -0.5826341 -52.9277002 
19.9007438 9.4192516 -53.9036003 

19.9007438 -0.3884227 -51.9518001 
20.8957810 1.5536910 -42.1927994 
19.9007438 9.4192516 -53.9036003 

19.9007438 -0.3884227 -51.9518001 
29.8511157 -0.5826341 -52.9277002 
19.9007438 9.4192516 -53.9036003 

0.0000000 0.0000000 -50.0000000 
4.9247857 -0.1551814 -50.8499440 
0.1008006 9.9238257 -51.2278122 

0.0000000 0.0000000 -50.0000000 
7.7131726 2.9521868 -55.6384006 
-0.9478070 4.7613342 -48.8036060 

0.0000000 0.0000000 -50.0000000 
11.5389911 2.2855023 -59.3074252 
-1.8127253 14.8247647 -48.6070248 

0.0000000 0.0000000 -50.0000000 
2.6707718 -3.6001724 -47.7851103 
3.0412382 3.4562406 -48.0492895 

