0.0000000 0.0000000 0.9591837 
0.0985420 -0.0019233 0.9599726 
0.0000000 0.0961991 0.9607465 

0.0000000 0.0000000 0.9591837 
0.1951976 -0.0038099 0.9607465 
0.0000000 0.1887841 0.9622506 

0.3830617 -0.0074766 0.9622506 
0.5639980 -0.0110081 0.9636992 
0.3691914 0.1747425 0.9650954 

0.3830617 -0.0074766 0.9622506 
0.3691914 0.1747425 0.9650954 
0.1951976 -0.0038099 0.9607465 

0.3830617 -0.0074766 0.9622506 
0.3562904 0.3442268 0.9677413 
0.0000000 0.0000000 0.9591837 

0.3830617 -0.0074766 0.9622506 
0.5639980 -0.0110081 0.9636992 
0.3691914 0.1747425 0.9650954 

0.3830617 -0.0074766 0.9622506 
0.4952452 0.0368236 0.9440787 
0.3691914 0.1747425 0.9650954 

0.3830617 -0.0074766 0.9622506 
0.5639980 -0.0110081 0.9636992 
0.3691914 0.1747425 0.9650954 

0.0000000 0.0000000 0.9591837 
0.0968494 -0.0030518 0.9605481 
0.0019677 0.1937195 0.9611402 

0.0000000 0.0000000 0.9591837 
0.1386304 0.0530602 0.9674563 
-0.0194208 0.0975611 0.9571825 

0.0000000 0.0000000 0.9591837 
0.1945623 0.0385365 0.9719947 
-0.0372935 0.3049922 0.9568443 

0.0000000 0.0000000 0.9591837 
0.0558913 -0.0753409 0.9553999 
0.0632941 0.0719311 0.9558695 

