3
1000
-7.113558011879336 -1.2814057303743083
1.1473578868698935 2.795466246035162
-6.945835293313822 1.6120044655969694
-12.577562951927577 -3.037470430961779
-3.988659866387895 0.46836738902854735
-3.4267380467756885 0.243690834974146
5.965461679315332 1.135670732851035
-5.151860925279832 0.9000552658706257
6.202556406850025 3.7006761500915024
-3.9629721301855176 0.8594271566417045
-7.674101310029352 -2.5992209912861886
-3.320939050599601 0.9951355503191595
-9.474725724948968 -3.12076750166261
2.822385819770935 11.15228024176088
-1.6991199274157855 2.018815003833863
-7.256993508611053 -2.298897972145291
-9.902697967276058 -2.526673531057045
-2.55785266952562 -0.1985997403464972
-2.9268988709759705 0.9555790637638149
-11.09482679142723 -1.925175940747629
-2.9678244476456106 -0.14753351328687203
-5.197871515739355 -1.827455467912861
6.176376395711796 0.9067446818372513
-0.8517613299009614 -2.3702670514948356
-9.240618443964706 -1.8552405621674875
-3.5626921480598996 1.175770517467833
-7.5235742397069085 -2.2794628752404162
8.79078210124599 3.2496934887776687
-11.435466187197072 -3.121822654215071
8.098356156202154 2.8386868576634128
-0.036245374281398846 3.308866744343986
-12.223014414666377 -2.481027243983674
-4.133278725455872 1.0424502868730445
8.27372454762154 5.8394782904049105
-4.225564586645609 0.6999542325487594
-9.91004185054984 -1.126659057648406
-6.738332914870222 -3.3015136466608332
-4.084337820702396 -1.5130647368821601
-6.1643524256491435 0.2660690514939766
3.06387742400347 2.0563455931005628
7.353236641188442 1.6405848229062177
-7.667926275617286 -3.367319732329398
-3.160105544309503 -0.3928654970565828
-15.670891241124774 -3.0434732434183323
5.83190430325769 5.887342486395121
-1.4530878091114916 -2.9792579916745487
-3.903961849383481 1.661134308271519
-5.0356259997280395 0.3503904501036185
-4.080513033281651 -1.0791317742154667
-8.561173144215541 -4.1577127827560965
-10.084437782457186 -3.6382961783313417
5.154798219893467 3.233158269179113
2.1663466657623833 1.983878849485838
-3.8653642222763596 1.27001948903421
-5.44472930578142 1.2650282062963174
-6.3238772119602675 -1.9314260691732525
-9.880033281028824 -0.38438961043807973
-8.557985266288759 -1.8809911024057544
-11.686793421250792 -2.161131308459811
-4.0549731400034545 1.3812594959021034
-9.528763841429871 -3.3396704164636972
-3.564475705879607 1.2283647621693334
-2.5923342659477107 0.9167328404116246
-3.1538837599740974 0.7617763827083542
-5.094232795818908 0.9955702562607815
-10.479333410784683 -3.769506507667785
4.436226710095015 0.2728508227031874
-3.20588585267076 -4.311973090913281
-15.187460244627601 -3.424695489923425
6.593858337787404 4.3509335331764065
-1.303174762933839 0.8648733138600417
8.6316801784999 3.3101589563508815
6.497845382471896 0.7307415815759724
1.6918247564365752 1.1567992225230859
-6.923593206261645 -0.675892534834404
-2.2550953306035195 1.5431976180385303
3.8962455787069796 1.8957537727298146
-7.304398471868199 -2.8647630721740764
7.999907525345452 4.309623830443531
-4.575029258427774 1.7699824819372334
-3.708560346513184 1.1939643665184567
-5.090884348389621 0.2160536906147134
4.9557470657827585 3.4827625306764216
-6.066960679643701 -3.847328928498084
-8.050774700818128 -2.307729530672563
0.14417817455467308 2.3380400935872085
-6.039260775759116 -2.5987156868445265
-10.82502429352987 -3.302284358890723
-8.158875693666836 1.0581496050922552
-8.061878915324543 -3.3948086594100606
8.56608943883573 4.535609613376991
3.0395300335002395 0.20103187416546042
-4.726120324037379 1.7182124580425977
-12.323516324078273 -3.6206170479694357
-2.965770120073759 0.6204736236737874
-14.622102193046917 -3.2175628972173462
-13.010015103508774 -3.146369201623629
-10.90639946190364 -2.010360178049516
-2.2769267897006555 1.0933474535317185
-8.524203388380306 -2.0880015459010917
-1.828347011625676 1.5928941928768685
-4.366738881523833 -0.09953107863676802
5.5015671115181926 -2.0545521098909925
-4.489791313801816 -0.5091520477513294
-5.3514152598384825 1.940297773123383
3.0809794830901858 3.79675908253651
6.066884532263047 2.7464827603100295
5.448206648014259 1.2943897094378407
3.474171702840106 2.7278303580372536
-6.62271621765315 -2.9179877785028236
-7.433425160272074 -2.925609857711153
3.6408792743201137 2.6477438480376296
-6.740275664737734 -4.090259619426941
4.537895148187939 3.0868858763573592
-3.989528248716023 1.3428338505028563
-4.5209384272103375 -0.29577638064009937
-4.477723676739098 1.7173143566135793
-2.6388726453603786 1.480377798404997
-9.274549041265779 -2.3210178652517945
-8.357706183679104 -2.9957136865245673
-6.788803965424095 0.8774799287450052
-4.9099034388365235 -4.50501774785366
6.932196984638939 4.484114211054866
-10.626131170851824 -2.290481016036324
2.9639836202271113 0.8622161825435994
4.292497653355905 4.792115742990707
-9.385077903459205 -4.461525638405153
-5.59455279770186 -0.5520004965777316
-6.298939000151281 -3.2769445411226696
-6.117717241765599 0.19918532419245955
5.433923755539923 4.273504588820721
12.550510121447557 3.803663776038829
7.378148401575812 0.045216083502019
-5.536170096868611 0.852132340732214
-4.4386616419446465 2.1675253074151355
-11.219451458553543 -2.9210732629338465
-4.177439479875563 0.6017937339635955
8.620575552192655 3.543282084776318
-8.209445237531614 -2.757797632269445
-4.0238083730418035 1.3533010520281152
-1.5605927049119908 -0.28615407220696754
-8.91022919201775 -3.347709778469726
-6.933583080109994 -1.9397952652289372
-3.73705504318161 -0.7334639220108241
7.37660410773345 7.339521495162621
7.701616208526301 1.4176779212776358
6.650716373985269 1.3140049714232185
-2.005708132720179 -0.5931476618608804
0.7922951641595546 -3.2139772744148245
-11.023204684034598 -2.372248772843481
-3.6267809511514653 -0.7533951932773242
-7.553159787770447 -3.663277000652962
-3.1662747929364987 -0.3267889538468792
-3.870769410776373 -0.1339914748444081
4.783127523824317 5.655050219145759
-3.9254899295947796 0.6087914634489066
-5.7005070565047875 -0.09430851554165909
2.7366518547915777 10.83933136433427
3.4207995421631 8.770224316501388
4.511738638142962 2.2624015926957
-2.2062976587023737 -2.2106818797700916
7.404564041218769 4.251808062877232
-5.514941206842208 -1.5077125866150354
1.716819643306482 6.124847093855484
-4.20801362227486 0.42393091324283005
-5.09914844353204 1.012800739623052
-3.418127094126851 0.6711367788153644
2.7723565657919274 4.829749983441717
-8.463537035143021 -2.2342250120847154
-11.884899172408764 -3.574279866005861
4.9950470699140865 5.1239392042874465
-4.201498674369259 0.17179364257025398
6.305966942360024 4.441854762877871
-3.462217592367543 2.748600830403235
-8.592055528206267 -4.358148133786692
-2.9691826971410267 0.8283235989630016
4.134778853933739 5.944334575529275
-8.607270501031334 -0.14284450094864687
-6.044434884045404 -2.3569121676336704
-10.404179221676351 -1.1106303931741586
8.843405824982552 -1.5468157493739172
-2.8853800942097108 0.05771226399998175
5.008993582957958 2.8790400148990614
-10.536297754299568 -4.24744779419444
5.324251566364979 3.354214700676741
-4.525767220078635 -3.2840077319035723
4.083197549365683 8.906342030945233
-8.052652979370336 -2.4508128785484313
-3.941095771124728 -1.5227164750193198
-5.628360924129039 0.4156433005875042
-12.387070274140703 -1.7520407359483887
-6.923606215277737 -2.395458257200635
-5.484477617554329 1.4901494556384138
-5.508757718514136 -3.3092670810176577
-6.680154447287484 -3.70994221664167
-10.933701322379296 -2.329714964391961
6.504621310128991 3.5293442699208333
-6.985312306969519 -1.7811089054560045
6.5107266924709375 6.301876818678213
2.1905332934413875 2.3557764977326214
2.3739008085928215 0.14983619369300705
-3.049790150624851 1.1950117131874092
8.353589051258426 2.3384917585211733
-6.680847396297993 -1.7325228860975335
-7.630297688328879 -1.962287380021588
2.7811366138966345 6.148667644877469
-2.552155482271316 0.5494360013637107
7.659521601490614 4.085512956758657
-12.36791756163855 -4.39732006752244
7.439703237440853 2.991098795860668
-9.322162643117455 -3.0593436354577865
6.1171693508646925 3.241249643371829
7.560411023365119 1.353342408476965
-3.376371108173979 -0.21284688093534587
-10.377027370181041 -3.150456157599176
-0.4122766203191568 1.5451809937485286
-9.642520866063581 -2.8639542806854545
5.693189624341151 4.0815444702788595
-2.4867460737072493 0.8150665438264912
4.987278230522123 5.841018539734846
-7.010631687427345 1.529540671925874
-10.0547240198736 -2.388376276503607
-8.984167965491613 -1.7598720731111004
-12.72548674011314 -2.998637834852772
-5.111942896198346 -0.986579594915302
-1.8207212206581747 -0.679815432187562
-7.898126096394093 -4.300540752768695
9.580618042224735 6.695160040201584
10.217745562469835 8.524923566548217
-4.462211312998035 0.35962558077186046
-3.887211797990295 1.0195782858970603
3.8427163808414004 7.149274306166886
-6.133845114355237 -3.0039591204098754
-7.122259808109136 -5.0473224351534345
-3.3014101018009803 -0.8863148330277639
-9.220560982638057 -2.7498132100622112
-4.482357350718478 0.02867044818679254
-2.330062187039772 0.17414531408493028
2.8885175253264483 1.2624320590215574
5.020274218557438 3.149872540952034
5.213216418594318 2.957057482771902
-6.971632376945829 0.7169424379715309
-7.77807827357301 -3.098551076250313
6.94766382777788 6.280857443583569
-6.059454261291742 -2.4863896543986366
-5.375083488818739 -2.391756048311902
-8.80002047886963 -3.8212147561109893
-13.691752106274834 -2.5884010192870637
1.2913014134034029 4.408184569113437
-2.5794064781902506 0.508095477833558
-9.153961923154819 -4.118350154032557
5.6567629383876925 3.117731443520343
0.011361238868911272 0.5444973974685166
7.559963648931529 5.04706922419626
7.1807686222859095 10.101375920427131
-8.755646044754734 -3.2409016463402973
-14.803537062725713 -3.230306057374001
4.44088971357358 -1.6992241382442552
-12.395614331695132 -1.5749569267907122
-3.9419576200858755 0.9979135527748171
-4.8560891990833515 2.950254104349331
-3.387781974138447 -0.7667361630665588
-2.4648413028660854 0.43420464539810616
-5.361638975147278 -2.5821839847825734
0.03456921460332296 0.7803378354935167
-3.165770137778621 -0.44398692397194073
8.853651894150445 6.939832776096339
-4.63997461135033 0.1747549473002587
-1.7840966173128363 0.30911446302902834
5.465439052013191 1.0531212658437332
-4.264837051488051 1.8773743712322462
-3.6280545570228906 -0.39649857750107365
-4.481496716854616 0.3332358160547311
4.798399303597851 -0.018621909591953756
10.140474142791273 -0.5124575231407893
-5.117657327398829 -2.423311626760472
-4.504716023484553 0.7170606093299552
-2.2950687330111 -0.1804733632454245
1.6210916433401108 4.24264003060974
-6.18762238151707 -3.3431228048971255
6.459544388309983 -1.347017241575296
-4.493593775442766 -0.5943325503938406
11.26286961161559 0.5657354561935075
-7.968879055002299 -5.155888827388692
-2.8679266204258247 1.8223876291524395
-5.390283554867826 0.2592670344548281
-3.636808585861023 0.2389385052816307
-1.9725766632975907 0.9597901927651504
-9.675551102444178 -3.0014322869939036
-4.906529371337673 -0.22880008142824126
-7.0708915803739245 -3.080737142691654
10.40821690447688 5.03954714933252
-9.28003410843001 -3.159448198211202
7.069902197336889 6.103555261987362
10.147125468406724 2.6354768084024647
-4.173739162631198 0.7441530734582966
-2.515528327116176 -0.10539138134190928
-5.2251221592727495 0.7500092980314645
-5.435064108538311 -3.8947156692224323
6.783405860198464 -1.9894315602138128
-10.428915983233626 -3.718098735210057
-5.163069747432251 -2.6959370309703257
5.210958316028131 3.833691512465107
-4.781353303167978 0.3527079322583366
-1.821149508755349 1.2834384180468652
9.426755858570846 2.8270331909135185
8.108128096225734 1.8447593694645188
-10.997618565737483 -3.0164913662588893
-4.451929814055653 0.9139544832859189
3.012418936981866 1.5600437006696162
5.179661950128813 2.300328808124675
-11.459752780514421 -2.8892541412540655
-5.643390308812948 0.21117054420229636
6.5644837624445165 4.720352467581975
-2.655780559355242 -2.374242647818445
7.373580393904237 -0.730550352950881
-5.5534556283501715 -0.12514985902863396
-14.17974851858996 -2.4929539061527204
6.505247692478983 2.7027381108563393
5.488419179421273 1.7133629121572898
-1.9798536688172028 3.3584124968519506
-1.8461757028597408 1.8523855305543215
-6.61340342931158 -0.6201013638774153
-13.002303841884022 -2.9314452472834724
-4.667585170079682 -2.8684976608018946
4.981851582230368 5.361040050179605
4.119204168257247 1.7078473161429573
-2.857290080018044 1.752128065821632
-6.505550554913528 -0.597922265588057
-10.076414500111335 -2.735088665740201
-4.077051977746271 1.2508897762359132
-6.051175604040909 -2.596552415646453
-6.2472976228646 -3.5399243090761052
-9.511050914424775 -1.1481805964585554
-6.124849081390481 -2.1659443342425586
-11.9021665898456 -2.2989842060670127
5.600911275954106 2.450030518682602
8.65955477727617 2.476645272920453
-4.766772520069445 -0.5185648551653987
-3.6256440185895285 -0.00822354913554968
5.713294693185954 3.387087903987051
-3.3469257233913092 1.094640549481895
-8.85239922494987 -2.242857994401268
-4.9845148097455105 0.07024335803528148
-3.9995060417646586 0.7234992213447606
-5.691550010734029 -0.3145512928986617
6.062449333029465 3.251586456707809
5.047674578769459 4.999926750540353
-6.323222491027922 -2.9721249755803183
-9.814877251592165 -3.187756168222903
4.123296939390301 4.146844160125286
-4.118501821967049 1.0482311960505628
-4.535788462137868 -3.406842175613198
7.60028087944555 6.771243071549775
9.872558424582458 4.948771103042574
-1.9730561808659255 0.30698912662277367
3.4478540629036973 5.844218805449156
-8.75126897044483 -3.6154381502662347
-12.762229251257772 -3.088648140362252
0.7542536073472279 5.107128578248037
6.292094754301071 2.1970980109563474
-3.6861029723404206 -0.2051647048346541
-5.886570930144119 0.08157789635129609
-3.9968810006714377 0.5372871176390913
2.0758062496259373 5.971000111972646
4.7854188829860105 4.694031414688332
-6.3266891579530125 -1.7435150722167065
-6.915865877669553 -2.2236105256961354
8.305728474303983 6.442453939653735
-7.973530430156535 -3.5517013248736133
-4.7248858087708605 -0.5041237687696738
-10.465648300475328 -2.638301623673288
9.15397900381399 2.3653160657904064
4.761998955038097 -0.16399076388162293
2.909574023738322 3.2236802908365694
5.563287554043472 6.864952340717111
9.754117434117264 4.302059479997501
3.89033946558495 4.516483830599316
-6.101568014276643 0.44322149959522633
3.1922416853111844 1.927159439410993
7.526223237012339 4.779629939138616
-8.365468644629155 -2.983938059353383
-10.606886870649063 -3.9660439222943955
-13.962451914111671 -2.644026326265839
-10.31069612783973 -3.338774813605359
-10.70444415734071 -2.662346680717748
-2.857949390428314 0.6715604831040388
3.727720485176067 0.5086443113455079
9.674099067825736 3.0984060937515214
-12.343799313442286 -2.0593933024780586
-3.9657710474558794 2.8865485865709655
-6.121888558534939 -3.4665443664836872
-5.047495561272664 -1.4853753454713932
-6.411910374771304 -1.2793339502673777
-9.68831860558781 -2.009743269521918
8.514484240700654 0.10030394702268053
-9.647356813433994 -3.193823582350318
-0.7631795444726839 4.184504459198747
-9.265618972340839 -2.9614041545751006
-5.224211754559286 -0.47131222835105935
-3.8428125357459186 -0.500325130021213
-3.6227767247197336 1.1033149740662376
-3.290459196556869 -2.903977720909878
8.401980435939596 5.366749477702561
-11.778207287848653 -2.87151226786509
1.5463026432234068 2.2636610977448535
5.264907816074777 5.5705477934805305
-2.474863584400701 1.4417429542608846
-3.654006195651285 -0.20888853531026041
-12.215090804208046 -5.699613512410906
7.258826262748018 0.5316385759028952
-4.44903565922578 0.4045380270572778
-5.487061925331517 -0.6294081032502563
-4.095192560330331 0.1300764267814113
2.092671181767064 1.5761702183449229
2.4123506381978195 5.8381334958847795
-0.2216935563520952 4.702528791382427
4.591899695205282 6.3744718932547
-7.539516687904872 -2.309147825748969
-5.64789340632971 -3.437913713110561
-12.414786924527737 -2.120748601246036
7.736582104718013 7.019049468218786
-8.723954332070534 -1.1607880816730842
4.104360213137282 5.435084769007254
5.043674569173494 0.33531767756910025
-4.674463174015383 1.1903372692287952
-4.4893877272827245 0.12852604197401274
1.7632339242666295 8.256325066215314
-3.4845769719822655 -0.029156132357554987
-6.74485443462118 -4.495177502112289
-3.444533345599365 0.17496630536198005
-3.9251448517816305 1.8359108421756323
-5.864442965922965 0.7416969868601593
15.258933921749842 -0.21240073515234226
-4.270278735522268 -0.7167321516260476
-8.530412513435563 -3.4199380021215555
-3.009425575386799 1.078387950013629
-3.824525857502322 2.0031519807344775
-8.493976448625425 -1.2725424358320332
-8.058068897960597 -3.8007443389721813
-4.06852331573269 1.1576640431956213
-11.6348671824671 -3.3222048723563464
5.117437958605093 3.932580594805272
3.8798058677572924 1.5518954705403467
1.7066290965789594 0.3964226483604909
-4.241339078810478 0.628495832948471
10.34514292687847 3.856910937748182
-3.2734527939842906 1.6114948188066056
-4.815148317599003 -2.211934969865709
2.6243263619864017 3.0077902734382356
-3.3531803196033994 2.427756796489535
8.59796220839122 7.374408027310168
1.0372776177070415 6.9570172579971565
-2.715164773860071 -0.0924957402568658
-4.610434863868508 0.42594565310592025
4.781959778003952 6.085904601205277
-2.7209139966805065 -0.6373241049061109
-5.848329240493714 -2.0301580102892096
8.456547109710218 6.2505883667403115
-4.837256269491009 0.6052872759981073
-5.658035456824472 -0.07378891883955851
-3.5670646690884995 -1.2417864676563541
-4.004228119665564 0.5329823711712188
-3.5996409106443856 -1.017765525239003
-9.726227485618722 -1.001962801689171
-10.870853518879397 -3.419656895280681
5.601591318588767 2.3062577268970283
-5.056592533510696 -0.8574857224558261
-8.727635557715562 -2.712359296752523
6.400913178960686 3.673782472952961
-6.129212838035457 -3.635379680818376
-5.171501868494157 1.3549480063062238
-14.44057253374309 -0.8858554610168912
2.6344825539984926 0.8216805680048758
-13.099735199098625 -2.6572089218914425
-5.457565194458387 1.115337916815549
6.075299324118307 8.881932338447903
-12.967954753981678 -3.0790363254818893
-6.209558951823509 -0.29121303513079355
-11.329084368027306 -2.415937011327407
6.6615744786553535 2.0553747809255674
-5.276652856153507 -1.448914346370312
-6.286099303085451 -3.5379123576190574
-3.49382737783543 1.8079735198651643
7.709434195286692 5.069684608016326
-5.878111375126743 0.34974169214634054
7.636727996018708 7.855659570824451
-4.366302228979533 1.2984329709283573
-10.068496864670262 -2.383881704857693
-3.3420546409396916 -0.47948325091553
3.366442563008014 2.903362034879435
-5.631540944286571 0.14551008517511738
-4.549975104515849 0.40022670712745834
-6.681773244431062 -3.1152476127437967
-10.472212715537186 -3.598748461033431
-3.688796907444454 1.4103228094868707
-7.248734757367323 -3.4562314632912745
5.105139179788918 2.3088656694198053
-5.513543238569573 0.8064554834644052
-3.6649432040150653 1.3061566839377432
-4.800272134112463 -3.8620866055463248
4.689571549592983 -0.535919652100294
-2.9646810906269407 0.08372252698206939
-6.540471396033581 -3.5674862884958145
-2.1167024749921186 1.740319577098042
-3.676124333221087 -2.786815200555629
7.287087469830519 7.484881120717788
-10.630722580638334 -3.287122103071215
-8.31154329608501 -2.2786472704203016
-11.667994570973505 -2.1208058431625396
-6.046973630097501 0.19314708162003152
-5.485735906187937 1.8323936322754297
7.338854089943093 -1.8581894262881171
10.548019893281936 0.010359588964997002
-13.186798317760239 -3.426555356612235
-10.367016651593131 -5.505788924977084
9.98209535208668 5.303081804364336
-4.2273664552548125 -3.6043420569547586
-3.7359019480703886 1.2360885544856026
4.418960445823817 4.688666686947894
-11.373347956550253 -2.520012330374856
-4.497163898701967 -2.2787568088668766
-4.845151941947892 0.9861026869505556
-6.192288063035452 -2.6047244905067637
9.664848661369836 1.4570254384096613
-10.837874009000274 -1.9460254352269146
-13.864021673524729 -1.197632946680761
-6.188392341543395 -3.286766953906606
0.4241083430898609 7.085375399439114
-3.1967151713973587 -3.3636051226020047
5.972295951906782 1.0959535096316677
-3.382741794599589 1.1262804996330527
1.4532106761507535 0.849449430942121
-3.2356157961520613 0.9350265163051366
-10.333945862892698 -2.855229843710191
3.548583694255453 0.7539079557408934
-3.5416940499719582 1.8018429363578787
-11.360842474211958 -3.3001920618482763
-19.29387429731171 -2.831438976473368
-6.039981127696771 1.4613261813883938
-9.939932602288103 -2.867977968303997
4.191259798662571 0.31148754488446206
-3.617144677209065 1.1220415643340376
4.997283137839729 6.871433191356138
4.084791778685968 3.914137116431476
2.791292018599882 1.7217582771469664
-3.0775687632343964 -0.47937623537169505
-4.548513748177427 -2.826502584950148
4.013607978981432 6.588980557988249
4.272768171967558 -0.148584520476025
8.491059401636122 5.350650983218566
-0.9659349925727096 0.5734787789943578
-9.124212136837222 -2.578253843930086
-9.014102207630215 -3.1100135835280756
-15.690331647789694 -3.0259756980019827
-8.873478061083535 -2.1725107047371877
-3.7038975941882124 1.4397362934174556
-8.089284134587938 -3.4479012376403952
-6.399009419379848 2.943020543830015
-4.652882222815297 1.6123766383260718
5.013797635379004 5.4726732513303915
4.062011372110147 4.2091438056944455
-5.873217787348085 2.7539016269003382
-10.272195228429755 -2.738563890504807
-9.258351188417445 -2.9973690915299236
-12.619205022937713 -3.602544689066625
4.764480710307001 4.52918213818736
-11.897210727666078 -2.9001166199258153
7.48391633227308 2.9223033775766867
-6.381444907608672 -2.1579497262620686
-1.3089796589576337 0.4118493453633473
8.108588444234917 6.834489262596472
-10.778886804685827 -3.78199008394644
4.053074433271764 3.863629240724995
3.2459632377421754 9.17742480921584
8.333862875627332 5.736713651360752
-6.5043598503749465 -3.168947530055483
4.975466204077977 6.564552991367863
-9.820662285619584 -1.7089184041557057
-7.191960336606531 -2.1528096186617303
-5.634930526809496 -3.3167347699841305
-9.947707788060525 -2.4125246342419175
-5.384136737757009 1.3709032444035174
-5.786948411886897 -3.6096479507707735
-10.61371346487437 -3.545580366768096
-4.945209415587115 1.8583857308051293
-5.319903699619056 -0.037656466242019015
-11.735262195176249 -1.4536479026779978
-8.784971135122108 -1.8666447765078535
-13.932056613411245 -2.6849456895724853
1.6353295253894906 3.1050258300636746
-10.487769805720392 -3.081393821953582
-9.443587117063165 -3.4567091958159093
-4.812040612121746 -0.8786595066111744
-3.8526650729354754 -2.3486582305953547
-3.740505305126263 0.22897627765814765
10.713510382127724 8.956654914716834
-5.033651153295463 -1.6737597199843155
4.083975544234618 2.7840216491421512
-9.050607463860164 -2.9709655557070254
-6.9516539972792755 -3.3421259852293974
-12.726507190269023 -1.952849621534929
-15.174313799648786 -2.7716846718375603
11.789919191996265 1.6209446200890225
5.90773162359403 0.8664245277648139
8.774526915525843 2.3742189980466146
1.9225107721623345 4.943762132074006
-8.610513917874169 -3.3554044932734497
-2.8853937153154257 1.3762283968787359
-10.386530982455302 -3.5035397533715646
3.8633041807200508 3.176430920149282
8.8451478315775 2.141022177823894
-5.439309509301674 0.39118351119872974
-6.377357342920769 1.496749660408334
-8.161660965052072 -3.0710807291057973
4.735787113798265 2.456497188663227
-2.201489163014797 1.3875245716671998
7.562955001776134 3.3881727222533464
-7.832320198080899 -2.1548749768938706
-4.751480841731204 -3.152266389866166
-2.70570812570577 -0.6786969212750475
-14.73789536511639 -2.729981028821241
-3.5460661747021636 -0.11865834718174151
-8.971918050002174 -3.605618083683088
-3.098421609977053 -1.9141864603327927
1.9618143592958197 6.852807622059124
-3.388729269015752 -0.10061338475175396
8.877127077210654 0.5784560557640841
9.734981366007242 3.921398560291872
-2.218562868191942 0.46110236321217524
-10.405647822264172 -4.5815390679558785
-3.8042292010086163 -2.0261853445547224
-9.511137015316303 -1.040402237819811
-11.767539533658322 -2.50156305078837
-3.986593850046296 0.9379121171065978
-11.291422147607893 -3.5567335183715194
-5.169770552242112 -2.6541911461349432
8.022702730876706 1.8065109293986559
-5.9225166599734145 -2.8213099525953966
-7.483150446188633 -0.7945074780217465
-4.760958659887214 2.1271082092361895
-12.692452335598578 -2.610925994824896
-8.228776159029767 -3.8741786654117965
-6.532371670422658 -3.6266185913634272
-6.199239359507276 0.8646846369849932
-3.6709697785011555 -2.979378808097004
-6.602082204810998 0.023815028236112035
-8.90613776496489 -3.833366077344845
6.007021651370655 2.0949162185721653
-4.441955176020739 0.5432664605679991
-3.415191219847941 1.2889285995706783
-3.4326625031800435 0.5628904327716482
-4.363446161718498 0.3786994223030332
-3.937030077511483 0.6462902196869392
7.674611292731954 -0.3273099509855073
-9.791930381943732 -3.681926210368567
-6.414674414474181 -1.062778160548678
5.854055513373351 3.0132758433956988
-6.674726986630947 -2.0313154678520777
-5.7829066729017695 0.12470640336434424
4.090798425556121 3.727648403600301
-12.020720840137628 -3.028382419976661
-4.640770399744765 0.3118836607664819
5.431547934667289 6.571089084174299
-8.517804253250697 -2.711156823178739
-6.1292894302746905 -3.3081301296183936
7.232693339187572 3.0041993029507044
-6.868339807757219 1.7053146129521897
-7.4488998444776255 -2.440420832303101
-5.6557308821937715 -2.580067437823592
-6.7050503812866005 -3.084065985603443
9.360833638901738 2.5129186297842527
6.926561830980937 2.4825199101423174
-4.927670115576837 -3.160003683233485
-9.918531844670529 -3.072993615222903
-3.827264600052989 1.3627943269078233
-3.687997363788604 0.879048071908859
-6.077678429957647 0.1363296681602177
7.0311945448233235 2.4229068636659545
3.892930213928638 1.9588049240778642
-2.97089425190587 0.5754893019364893
-9.720110456495505 -2.557445322329286
9.174037334985078 7.168554139194071
-6.290113711524128 -0.41592948806443597
1.473034650338854 4.623988222243296
5.066073145141998 0.8035520952462325
-8.965713172763447 -1.5098806150326467
-4.562228751999547 -2.184819548333077
-2.369690787818117 0.3988513501715899
4.219862593809198 4.772268370358011
-6.91809266008923 -2.638911123927428
-15.382906391913613 -2.1913516786926657
-6.262419547613252 -2.976402560170952
-3.609519048599906 1.1740930793460078
8.14135660108577 4.412130403651155
5.790403778515753 2.296549594445754
-9.158514180727282 -1.8585690044425331
3.5939600653020465 6.690667470389293
-5.891895817354023 -3.1980612432960243
-4.685404573836789 -2.4989984658274635
5.214552189477637 1.4308841259669796
4.373970433494768 3.8102496194124305
4.911416317344087 2.2650319065304365
-4.163031460895397 -3.335389860746584
5.958514966479892 1.5861293704086998
2.813424000666769 1.4366919839179966
-1.8871512669685733 0.6669744715584603
-7.846795189953056 -4.37695685535507
7.1086055648982285 5.17173196184509
-3.9357428820962026 -4.075148056767129
6.501694833585635 3.550005055503291
-6.1690059686955685 1.7107840365688423
7.552205635200024 -2.7274095255112956
-2.6183553126455115 0.14226034064571796
8.78963114758491 1.8114843947599388
-5.133908906837509 0.04997452362696486
3.176193653596121 0.875722411841827
-3.4693279444181844 1.450926295111533
-8.357765883362655 -2.9675594162358894
-1.7140951402457687 0.10883041105898328
5.5877207165993985 2.5193948339960652
-7.957045907663314 -2.03854692212633
6.018003042707287 1.1396685071844133
-4.854594489545755 0.25281206475942647
10.981688481033547 5.417876092009893
10.22859524429684 3.3466751014209337
-4.973718793458873 0.49907069265303844
1.8584909732822879 7.560435691095442
-6.023807214489171 1.0747791699960576
-7.051392310472954 -0.14440457896645598
-10.005681687653887 -2.510051084468065
-4.821992346601461 1.1438878612232615
-3.4317566084289215 1.229947800034191
-0.9402574014836356 1.7102619109137998
4.99914347651401 4.116023067887852
7.374461651394405 -3.3048689722480216
6.311034097142719 4.26443897722501
-4.1006413867936455 -0.023747231091368115
-2.5902021901516137 0.7464362425734051
-2.568015328852229 -0.6872732526735592
-4.345022284707064 -1.8384664972580318
-8.371600047978122 -3.292619114129798
1.0852962091337082 -0.6632770536486561
-3.6587073200363216 -2.879536150474244
-6.299965671966591 -3.7661112660353657
-5.5028584731144345 0.5093305805714061
-5.029509799968432 -0.4695087773933593
6.747099579997688 1.91604330390529
-2.7097157260703506 1.8161461365402432
5.931092825187134 -2.6049572673977472
-2.1104735525793252 -3.0273465547609617
-9.088374353594867 -3.3957166214321823
-6.794342475630794 -2.6635879244159257
-6.478325804351797 -1.8323567194371706
-3.448851855905277 -0.17136748842474103
-3.837948431171255 0.7200043599438036
7.894414509824784 7.071055640207647
-17.417806950475693 -3.0959242003975356
-4.648276822283402 -0.34006911543274165
-7.300062668151865 -1.8829238639487382
3.9956348050652233 4.605806162766936
-4.0068626325918215 0.20729137681310972
-3.7297324892072248 0.22546057062293634
-5.554863551654797 0.7395476479238446
-4.683421150403525 0.6020256443921567
-2.686879214926173 0.8785736343388877
-0.16473195907757443 1.1555245753270413
-0.06492435937956653 2.872074003900595
-8.490846237162412 -3.016962647416139
-3.188143595173821 -1.406619387451542
-6.224406330529445 -0.5823339746706828
-10.053434354882757 -2.6304865774799273
10.272808367575436 3.4002581818001483
-7.004093825310871 -2.475734773028619
-6.730581487117496 1.1337486150884784
-4.630822113484968 -3.035110717375389e-05
5.714684002491683 1.008622710039397
5.851425040604697 -1.0365591231250155
-3.7256269554646018 1.4188806401487315
-3.854063295732262 -0.300267285378109
-10.383157045376958 -2.5358762768395504
-5.130663737345213 -2.8373341412662523
7.592379663965938 2.213043010917765
-8.649873405882579 -2.1298476756163405
-4.81904339897748 2.5050002126965447
-13.726010383397643 -1.8030222229306694
-10.51088904726885 -2.4477846421140885
4.319484336886311 6.558386815006752
-6.874516782249026 -0.5908451954569074
-6.876466035688379 -3.6153216675512962
-4.9761439508158976 0.8170466039345707
-3.5725317121029136 0.1911000339161294
9.196046339993018 1.6976232391360704
-3.1511077045874667 0.5019875733352676
-1.7953686843040377 0.3022454856938375
-11.696364508603196 -3.160031055797058
4.347713433505422 0.5937080388245541
4.472797419768049 -0.45528172410815104
-10.13554061066252 -4.374567087416612
4.179702537163857 0.721026727601549
-2.281935786013836 0.5977685816563163
-5.210150618906305 0.6457995086437552
-5.38248260338367 1.8577225897503933
3.639779506600521 3.992385442796711
-11.875487894365556 -3.020746256763212
-10.592825250926557 -3.2447673899155203
-4.263673387857607 -4.304571989013608
4.963451786510385 6.546035162319075
-5.056318437959636 0.3334250715307214
4.970286547475864 -1.2791521723654444
5.451051348300481 6.219478510527442
6.280857518388298 1.7697991080708466
-1.8316356035915522 0.15963701176249862
-3.8254535676701833 0.6011216279138449
9.828466887696647 4.640354564242772
-9.329093313021174 -3.1463480131057167
-3.687201161770867 0.9270071867262085
-10.836127089818469 -1.3956370253009238
5.206302567592283 5.5369034026776305
5.403668403804754 2.9674352408718576
-9.490537987617467 -2.750544384863755
-10.284250620199147 -2.0835677337099265
-6.471605437727444 -3.31587272052269
7.21288329195902 2.051253818148603
6.973382652206229 5.599660688802169
-4.164426591463333 0.48527191117471824
5.661548092808878 4.999598004712075
-10.140897028846815 -3.4806360546521473
-11.729528580979977 -3.1839865919681585
-5.612849448166647 1.7552314469305983
1.8706776143330548 6.304683842442765
-2.712696916038065 0.38865693315223104
5.6974920110389835 6.915426184711106
-7.6409271483649945 -2.31941404267121
-9.925300776231504 -3.719323828403147
4.0085125957500365 6.122628802173024
9.322195553877691 -1.4547003471869964
6.720730877597501 2.1380366558032327
-10.986568539850357 -3.8333550103431167
5.414110416822361 3.692836705463901
-2.005657503528038 0.6398872858798518
-11.899920305308097 -2.482400347311179
-6.391543494854197 0.2234175999410311
5.562712628672139 3.2533680950382116
5.515842862397993 0.9959937239682826
-8.855641379024618 -3.4597622280198888
-7.192698476081512 -2.9544667907154065
-5.651908057938658 1.0479420149286858
-8.98270421419731 -3.457201434232229
-5.442823773451613 0.6334283475449879
-5.513825579713803 -3.5863111635754676
4.090577240298496 7.373225317709287
-4.291918512146667 0.7859057061227649
8.779014279538963 0.8935210847951804
-5.822399937972604 0.2629225526526779
-10.027181216768325 -3.861115834198307
-12.21512473792707 -2.1686071177291897
-11.68817472086286 -2.839591683741271
5.3633542967158 2.5461538231456897
5.745120088473673 8.620875546495629
-4.640650872890141 0.7570631239395398
4.739260356309668 1.517748527630205
5.0039900650728395 4.133834897447429
-5.66923907173186 0.25894058211020105
-4.3561254249544765 0.6199759124209563
-2.0536511987180703 0.2095922453245248
-10.49560267756427 -3.2244262768200906
-11.999239777776552 -1.4649182829468452
-6.292412802631171 0.745771160785429
-6.999238753372696 -2.643275899789382
-5.1970031706430495 1.4060327002657294
-14.71776614471026 -2.224561122766459
6.528924808741257 4.731753557574199
2.5062633006849064 2.473177877284235
-5.069573402512387 -0.44435918970150223
4.128291633011977 4.742759120494525
5.839850876053553 4.128050474014362
4.986458493818029 1.126385319873144
-7.408452656727277 -2.774493058009378
5.955796966964867 2.250124280620218
-4.0468015629217176 0.1957702749022046
-4.1161620739700515 -0.18250391865954896
-3.0543494523456545 1.2916744964194091
-6.5126436043398215 -2.8750470599066413
-4.206570838527205 -1.8093646328119295
-4.421197044318828 -2.991922783995006
-4.730694639227687 0.3868520911174643
-9.935882164051872 -3.7228453471782945
-11.323522607001177 -2.4029683205697188
-4.903542441394438 1.4642022083929906
-6.889198561129225 -3.230083959696176
-2.307402422673627 0.6937474661208234
5.246220393758604 7.586993017408116
-11.837098574862834 -2.2547073408827814
-6.3982172054637125 -2.7520876908338856
-4.05860556994632 0.32262248145341943
-3.1509240396308433 0.37113828259289194
5.1408638794187835 3.4029168806740846
-3.3562150386169316 -0.8518984753031298
-3.5443705183322867 0.17193175646789843
-2.1193426220055045 0.10962220445574233
-10.99415129727276 -2.6182760988062035
2.7076277755255633 6.141267076042494
4.731670942544709 5.771212129036719
-12.435534550811589 -3.657214736764306
-0.7102757589849644 0.610655452995322
-4.88722752947075 -2.6906767472162514
-4.542412167775436 -0.5816839743263387
-4.348223316260439 2.1085217567040058
-3.356622262164289 1.446441649683386
3.5135211077694684 4.017640070157593
-12.677849110045956 -1.5821107997879815
-4.065187977355577 -0.34260801965913257
2.9147850520918204 3.4800419965559355
-6.285309673333446 0.21667066149530534
-5.070925166760562 0.566516893586582
-3.4601288707958533 0.22788393489735398
-3.4522512503521314 1.1989825953961037
-7.61034543462417 -3.676171888058129
-5.56227619199756 -3.623676047731322
-5.705277650798676 0.09855071852523423
3.238916194818364 2.9125431935589168
-12.765251244291882 -2.7731452706828215
-4.910000655569087 1.4079595959224989
-5.960463238710171 1.3179235516636192
5.920647600621228 2.781569625731488
-9.397111882728497 -2.5903347176811757
-2.4156514461995924 0.1520450586365853
-2.6261159556593494 0.9515867081971066
-3.0563391954127956 0.05335658256918763
-3.2513437741500235 1.1135900029116084
6.45299969615411 2.0784708793668814
-3.5013757698144015 0.6112174408558113
-8.713670230678238 -2.178143258936107
3.338078769443749 3.3496923299894954
-10.27552740583802 -2.8152719386120717
4.791876155511053 7.395480645747391
-10.279737816273856 -2.170873968632728
-5.873469848845234 0.01603097994708902
-9.084601259277926 -3.1197496491276393
-4.1894039155404545 0.3024492768117449
-7.8923827044599495 -1.3646735407531707
5.567382394446891 4.548217528137634
-9.83708605149817 -2.889407079593085
1.2197639104678375 0.6513330640090622
-11.225184475996965 -3.3838942292859855
10.253830056612234 0.8454522656298242
-4.31437011881874 1.9042754876265284
-9.02474995214729 -2.2841193464188434
6.060262318734713 -2.2226788670762083
-7.021932984694141 -2.2696447866305673
-7.447232691573793 -3.5563654937245044
-10.572077771392896 -1.91930060509423
-2.593847423345075 1.3304600005640315
5.342873097807139 5.482199741649819
5.013174594410802 4.679579442148027
-9.366762195425558 -2.3641930276414627
7.867689523595051 3.396224200319386
-3.6510409873421823 -2.2700414210553572
-12.93831149188809 -1.2225665548944895
-2.630489034380532 1.5882411471719027
4.135878536041308 4.1009240367881254
-6.57163509764856 -0.02724305721189424
4.220348410611338 4.006065074625804
2.7055370747653553 1.0865817921189862
-14.430616615466949 -3.461917698707677
10.294515485025665 0.5986838505670509
3.819857390802731 2.289323988942896
-4.904454839348953 0.9164054678052266
-8.558325069463876 -2.2799347429050414
-7.820991730216013 -3.3541367330104235
4.254666414427552 1.6867149765329457
-4.507131788670879 0.6371381147291005
-6.663085844493191 0.4634434457612582
-3.614702206323693 1.404299100061471
7.390910434850974 0.20841737463546695
1.2218222885687098 1.5267570992747528
9.204316386104145 1.8538902735626783
-2.3483754053457675 0.6627194208756039
-7.858559305208439 -2.981928165176434
8.055870828075335 7.330472842246423
-9.630094152696023 -2.4051248341821307
-6.465961389780915 -3.615348740749445
-12.08274677527664 -1.8650987975160573
-10.824289638149374 -2.7797657235723854
-9.260647784164075 -4.49900071533046
-3.695362538272616 -2.969253492208186
-4.402292860148598 1.086353269184855
5.570496429031433 5.705715661557708
-3.7039179898878847 1.394642678165033
4.091354226535509 5.031375832811667
-11.720702136556135 -2.75404068073084
3.196022081459247 2.0129938138562995
9.842274308088584 4.659372790608916
-5.622090135134427 0.7422519649436332
-8.558752285076416 -3.3843681930774467
-3.8524535587890227 -0.1704749981624114
-4.133632017186875 0.4590579601862531
-6.482252711775548 0.9162718963214342
-4.074163500837449 0.970420243647686
